,Index,pressure,density,temperature,Mach,nu
0,0,0.5281862101311355,0.6574448425319817,0.8755044983606556,1.0,0.0
1,1,0.5264097179291762,0.6483676948047156,0.8755044983606556,1.0176844270192282,0.0
2,2,0.5246006334490481,0.6395377845641843,0.8755044983606556,1.0348888463895234,0.002500949707481071
3,3,0.5227615056096687,0.6309451463838595,0.8755044983606556,1.0516380861821168,0.005866224603433581
4,4,0.5194787946232309,0.6225803433068007,0.8748675625109067,1.0679550879001474,0.009794137305338107
5,5,0.5110221974518058,0.61443443227288,0.8718673055954272,1.0838360835095933,0.0141230279132591
6,6,0.5028366909782682,0.6064989322250751,0.8689248756815309,1.099198846771399,0.018748312981234815
7,7,0.4949073283425201,0.5987657946557208,0.8660373176055236,1.1140564432845024,0.023594908962495355
8,8,0.4872202967873889,0.5912273763776812,0.863201786700514,1.1284318489028524,0.02860765126981783
9,9,0.4797629846191699,0.5838764143268041,0.8604156351620541,1.1423590218248276,0.0337447650599763
10,10,0.4725240138399744,0.5767060022210364,0.8576764903047449,1.1558820549949924,0.03897398663109208
11,11,0.4626724846976443,0.5697095689185281,0.855020618585445,1.169052485248336,0.044270054317572485
12,12,0.4530292102777584,0.5628808583321758,0.8524940297537128,1.1819257698901156,0.04961297675926213
13,13,0.4439790670247479,0.5562139107715579,0.850083015603141,1.194553598845618,0.05498678295884051
14,14,0.4354515892494821,0.5497030455953021,0.8477748871605453,1.206977102235118,0.060378568965838084
15,15,0.4273897328464421,0.5433428450677532,0.8455593896392256,1.2192251212096628,0.06577776769098134
16,16,0.4197464306922313,0.5371281393235142,0.843428070725832,1.231314321492243,0.07117561109969711
17,17,0.4124821653926656,0.5310539923521659,0.8413738306586611,1.243250652977714,0.07656473836825356
18,18,0.405563232377542,0.5251156889233077,0.8393905982442615,1.255031655686731,0.08193891303663128
19,19,0.3989604839029409,0.5193087223791323,0.8374730966555969,1.2666491247179794,0.08729281959372175
20,20,0.3926484130598267,0.5136287832281105,0.8356166741009351,1.2780917270471037,0.09262191609126057
21,21,0.3866044796463465,0.5080717484791201,0.8338171814264781,1.2893472807165753,0.09792232483901356
22,22,0.3808086081671169,0.5026336716605362,0.8320708834285129,1.3004045325628584,0.10319074804712569
23,23,0.3752428080576164,0.4973107734735108,0.8303743940719968,1.3112543813849944,0.10842439934798775
24,24,0.369890880521743,0.4920994330329202,0.8287246284076456,1.3218905764317597,0.11362094535681926
25,25,0.3647381867988538,0.4869961796533195,0.827118765978921,1.332309972731141,0.11877845381125075
26,26,0.3597714602731003,0.48199768514074876,0.8255542220416143,1.3425124483593556,0.1238953464498529
27,27,0.3549786503064095,0.47710075655441314,0.8240286240692432,1.3525005910563122,0.12897035579082236
28,28,0.3503487895439175,0.472302329405159,0.8225397918591045,1.362279250269103,0.13400248551721247
29,29,0.3458718791185101,0.46759946126029966,0.82108572015059,1.3718550324463126,0.1389909744150279
30,30,0.3415387879942841,0.4629893257267474,0.8196645630761634,1.381235797207474,0.14393526386752883
31,31,0.3373411638877299,0.4584692067865978,0.8182746200349049,1.3904301930723,0.14883496887208264
32,32,0.3332713539812375,0.45403649346131303,0.8169143227484903,1.3994472554451804,0.1536898524730863
33,33,0.3293223341350935,0.4496886747824769,0.8155822233609904,1.408296077116968,0.1584998034298675
34,34,0.3254876456106378,0.4454233350487678,0.814276983500167,1.4169855525887314,0.16326481687893152
35,35,0.3217613385075881,0.44123814935032296,0.8129973642457828,1.425524191595108,0.1679849777113962
36,36,0.3181379212376842,0.4371308793430726,0.8117422169614139,1.4339199937165217,0.17266044636863712
37,37,0.3146123154354128,0.4330993692569046,0.8105104749480904,1.4421803743183097,0.17729144675870298
38,38,0.3111798157623917,0.42914154212270317,0.8093011458757102,1.450312131701798,0.1818782560085662
39,39,0.3078360541059447,0.4252553962043863,0.8081133049445199,1.4583214458519316,0.18642119578843158
40,40,0.3045769677114804,0.4214390016230649,0.8069460887256761,1.4662139001712509,0.1909206249704392
41,41,0.3013987708243718,0.41769049716136036,0.8057986896277758,1.4739945188445582,0.19537693341226614
42,42,0.2982979294527288,0.414008087236764,0.8046703509355181,1.4816678138031218,0.19979053668425406
43,43,0.2952711388968379,0.41039003903369614,0.8035603623672868,1.4892378365338157,0.20416187158535248
44,44,0.2923153037252787,0.40683467978464183,0.8024680561002369,1.4967082311363016,0.20849139231751862
45,45,0.2894275199096288,0.4033403941913995,0.8013928032141289,1.5040822860337542,0.21277956720982374
46,46,0.286605058861563,0.3999056219780907,0.8003340105084511,1.511362982577382,0.21702687590225633
47,47,0.283845353143928,0.39652885556814305,0.7992911176510175,1.5185530394557232,0.2212338069151616
48,48,0.2811459836551539,0.39320863787797916,0.7982635946200499,1.5256549523397904,0.22540085554361813
49,49,0.2785046681097716,0.3899435602206294,0.7972509394055668,1.5326710285832505,0.22952852202710047
50,50,0.2759192506603761,0.3867322603129301,0.7962526759395873,1.5396034170736157,0.23361730995380992
51,51,0.2733876925258204,0.3835734203803858,0.7952683522281451,1.5464541335164863,0.23766772486637827
52,52,0.2709080635074503,0.38046576535415577,0.7942975386613247,1.5532250815493327,0.24168027304154044
53,53,0.268478534291006,0.37740806115498343,0.7933398264804641,1.559918070141114,0.2456554604210906
54,54,0.2660973694446328,0.37439911305921475,0.7923948263843009,1.5665348277536386,0.24959379167520274
55,55,0.263762921035534,0.37143776414236224,0.79146216725818,1.5730770137319015,0.25349576938220275
56,56,0.2614736227973483,0.36852289379595354,0.7905414950125008,1.5795462273632108,0.2573618933112809
57,57,0.2592279847895892,0.3656534163136714,0.7896324715183812,1.585944015006133,0.2611926597965636
58,58,0.2570245884973823,0.3628282795430359,0.7887347736300856,1.5922718756456875,0.264988561192521
59,59,0.2548620823266954,0.3600464635991134,0.7878480922851114,1.598531265184832,0.2687500854019607
60,60,0.2527391774556392,0.35730697963694624,0.7869721316740025,1.604723599736883,0.27247771546890587
61,61,0.2506546440068627,0.35460886867960145,0.7861066084729557,1.6108502581409172,0.2761719292295343
62,62,0.2486073075107515,0.3519512004989192,0.7852512511331502,1.6169125838834848,0.2798331990150968
63,63,0.2465960456408405,0.34933307254621737,0.7844057992214566,1.6229118865756453,0.2834619914013703
64,64,0.2446197851435632,0.34675360893036977,0.7835700028078386,1.628849443104574,0.2870587669997563
65,65,0.2426774990831521,0.34421195944082783,0.7827436218954243,1.6347264985536172,0.29062398028561987
66,66,0.2407682041821503,0.3417072986132958,0.781926425889144,1.640544266963451,0.29415807945989825
67,67,0.238890958400168,0.33923882483590356,0.7811181931001753,1.6463039319894701,0.2976615063403927
68,68,0.237044858667671,0.3368057594938428,0.7803187102829564,1.6520066474963304,0.30113469627950573
69,69,0.2352290387730636,0.3344073461505499,0.7795277722022067,1.6576535381191801,0.30457807810549886
70,70,0.2334426673906927,0.3320428497636268,0.778745181227589,1.663245699812166,0.3079920740846306
71,71,0.2316849462387414,0.3297115559337919,0.7779707469538771,1.6687842003978615,0.31137709990179313
72,72,0.2299551083567002,0.32741277018524956,0.7772042858446961,1.674270080125989,0.3147335646575001
73,73,0.2282524164932089,0.32514581727595504,0.7764456208980771,1.6797043522458948,0.3180618708792904
74,74,0.2265761615960053,0.3229100405363365,0.7756945813322321,1.6850880035943816,0.3213624145458083
75,75,0.2249256613962453,0.3207048012351127,0.7749510022900882,1.6904219951985302,0.32463558512199414
76,76,0.2233002590802148,0.31852947797092107,0.7742147245612502,1.6957072628917962,0.3278817656039803
77,77,0.2216993220421256,0.31638346608853757,0.7734855943201695,1.700944717940858,0.3311013325724308
78,78,0.2201222407122208,0.3142661771185378,0.7727634628793989,1.706135247680238,0.3342946562531946
79,79,0.2185684274545119,0.31217703823930726,0.7720481864569041,1.7112797161515438,0.33746210058425935
80,80,0.2170373155296361,0.3101154917603684,0.7713396259564823,1.71637896474421,0.34060402328810035
81,81,0.215528358118176,0.3080809946260455,0.7706376467604151,1.721433812834762,0.3437207759486147
82,82,0.21404102740015,0.30607301793853864,0.7699421185335473,1.7264450584218765,0.3468127040919176
83,83,0.2125748136869535,0.30409104649952867,0.7692529150380484,1.7314134787547921,0.349880147270356
84,84,0.211129224602278,0.3021345783694766,0.7685699139581653,1.7363398309529416,0.3529234391491646
85,85,0.2097037843087593,0.30020312444382696,0.7678929967343293,1.7412248526149867,0.3559429075952523
86,86,0.2082980327771028,0.29829620804536344,0.7672220484060243,1.7460692624157452,0.3589388747676647
87,87,0.2069115250952074,0.2964133645320023,0.7665569574628696,1.750873760689786,0.36191165720931695
88,88,0.2055438308146692,0.29455414091934634,0.7658976157034066,1.7556390300007285,0.3648615659396404
89,89,0.2041945333319648,0.2927180955173558,0.7652439181011167,1.7603657356955256,0.36778890654782376
90,90,0.2028632292937378,0.29090479758052257,0.7645957626772405,1.765054526443213,0.37069397928636827
91,91,0.2015495280748476,0.2891138269709679,0.7639530503799966,1.7697060347577964,0.37357707916471006
92,92,0.200253051204633,0.28734477383390783,0.7633156849696507,1.7743208775051058,0.3764384960426894
93,93,0.198973431897158,0.28559723828496136,0.762683572909488,1.7788996563935737,0.3792785147236767
94,94,0.1977103145700627,0.2838708301088001,0.762056623261926,1.7834429584490172,0.38209741504718514
95,95,0.1964633543940999,0.2821651684686614,0.7614347475896802,1.7879513564735885,0.38489547198082474
96,96,0.1952322168653093,0.28047988162627174,0.7608178598616488,1.792425409489137,0.38767295571146837
97,97,0.1940165773982332,0.2788146066717477,0.7602058763632493,1.796865663165287,0.39043013173551894
98,98,0.1928161209388166,0.27716898926306116,0.7595987156109548,1.8012726502325829,0.3931672609481825
99,99,0.1916305415961958,0.27554268337467774,0.7589962982707964,1.8056468908810843,0.39588459973166445
100,100,0.1904595422921713,0.2739353510549921,0.7583985470806108,1.80998889314483,0.39858240004221884
101,101,0.1893028344270058,0.2723466621922042,0.7578053867758276,1.8142991532725967,0.4012609094959919
102,102,0.1881601375612593,0.2707762942882953,0.7572167440186052,1.818578156085398,0.40392037145361026
103,103,0.1870311791122085,0.26922393224077845,0.7566325473301313,1.82282637532117,0.40656102510347303
104,104,0.185915694064411,0.26768926813191407,0.7560527270259241,1.8270442739670938,0.4091831055437147
105,105,0.1848134246933356,0.26617200102509353,0.7554772151539693,1.8312323045800003,0.41178684386281317
106,106,0.1837241203016903,0.2646718367681083,0.7549059454355486,1.8353909095952983,0.4143724672188227
107,107,0.1826475369674223,0.26318848780303483,0.7543388532086174,1.8395205216248598,0.4169401989172174
108,108,0.1815834373030416,0.2617216729824765,0.7537758753736,1.8436215637442837,0.41949025848733557
109,109,0.1805315902254868,0.26027111739191644,0.7532169503414803,1.8476944497699506,0.4220228617574203
110,110,0.1794917707360032,0.25883655217794527,0.7526620179840691,1.851739584526268,0.42453822092825405
111,111,0.1784637597097129,0.25741771438213823,0.7521110195863413,1.8557573641034941,0.4270365446453898
112,112,0.1774473436941228,0.25601434678036644,0.7515638978007367,1.859748176106509,0.42951803806998373
113,113,0.1764423147160919,0.2546261977273358,0.7510205966033308,1.8637123998948997,0.4319829029482366
114,114,0.1754484700971554,0.253253021006156,0.750481061251779,1.8676504068146997,0.4344313376794544
115,115,0.1744656122764699,0.25189457568275136,0.7499452382449552,1.8715625604221189,0.43686353738273964
116,116,0.1734935486411727,0.2505506259649318,0.7494130752841941,1.875449216699582,0.43927969396232713
117,117,0.1725320913635709,0.24922094106595183,0.7488845212360692,1.8793107242643832,0.44167999617158
118,118,0.1715810572451761,0.247905295072391,0.7483595260966259,1.8831474245702484,0.44406462967566135
119,119,0.1706402675668868,0.2466034668161969,0.7478380409570086,1.88695965210209,0.44643377711290044
120,120,0.1697095479453069,0.24531523975073916,0.7473200179704089,1.8907477345642185,0.448787618154871
121,121,0.168788728194759,0.2440404018307279,0.7468054103202815,1.894511993062275,0.4511263295652018
122,122,0.1678776421946379,0.24277874539585706,0.7462941721897628,1.8982527422791244,0.45345008525713915
123,123,0.1669761277621541,0.24153006705803856,0.7457862587322417,1.9019702906449518,0.4557590563498818
124,124,0.1660840265299341,0.2402941675920983,0.745281626043029,1.905664940501782,0.4580534112237098
125,125,0.1652011838282436,0.23907085182981125,0.7447802311320757,1.909336988262643,0.46033331557392826
126,126,0.1643274485719238,0.23785992855715662,0.7442820318976933,1.912986724565576,0.46259893246364764
127,127,0.16346267315149,0.23666121041467997,0.7437869871012337,1.9166144344226919,0.46485042237542257
128,128,0.1626067133283194,0.23547451380085277,0.7432950563426842,1.9202203973644618,0.4670879432617709
129,129,0.1617594281339003,0.23429965877832537,0.7428062000371389,1.9238048875794245,0.46931165059459484
130,130,0.1609206797727016,0.23313646898297197,0.7423203793921084,1.927368174049479,0.47152169741352645
131,131,0.1600903335285408,0.23198477153563193,0.7418375563856316,1.9309105206809345,0.4737182343732187
132,132,0.1592682576747199,0.23084439695645398,0.7413576937451569,1.9344321864314693,0.47590140978960427
133,133,0.1584543233869973,0.22971517908175434,0.740880754927157,1.9379334254331553,0.4780713696851436
134,134,0.1576484046599883,0.2285969549833035,0.7404067040974504,1.9414144871116905,0.4802282578330832
135,135,0.1568503782265073,0.2274895648899588,0.7399355061121968,1.9448756163019796,0.48237221580074613
136,136,0.1560601234795925,0.22639285211156368,0.7394671264995416,1.948317053360194,0.48450338299187445
137,137,0.1552775223976651,0.22530666296503804,0.7390015314418796,1.951739034272442,0.4866218966880455
138,138,0.1545024594718215,0.2242308467025856,0.7385386877587146,1.9551417907601694,0.48872789208918166
139,139,0.1537348216361113,0.22316525544194873,0.7380785628900913,1.9585255503824048,0.4908215023531739
140,140,0.1529744981998741,0.2221097440986422,0.7376211248805751,1.9618905366349688,0.4929028586346388
141,141,0.1522213807826671,0.22106417032010117,0.7371663423637577,1.9652369690467475,0.4949720901228286
142,142,0.1514753632511838,0.22002839442168037,0.7367141845472689,1.968565063273138,0.4970293240787138
143,143,0.1507363416585005,0.21900227932444402,0.7362646211982744,1.971875031186763,0.49907468587125614
144,144,0.1500042141851921,0.21798569049468863,0.7358176226294394,1.9751670809655506,0.5011082990128913
145,145,0.1492788810825875,0.2169784958851422,0.7353731596853418,1.9784414171782694,0.5031302851942393
146,146,0.1485602446176966,0.21598056587778613,0.7349312037293152,1.9816982408676067,0.5051407643180601
147,147,0.1478482090202183,0.21499177322824753,0.7344917266307082,1.9849377496308753,0.5071398545324718
148,148,0.1471426804310169,0.21401199301171256,0.7340547007525408,1.9881601376984264,0.5091276722634489
149,149,0.1464435668524109,0.21304110257031136,0.7336200989395463,1.9913655960098497,0.511104332246617
150,150,0.1457507781001136,0.21207898146192933,0.7331878945065814,1.9945543122880331,0.5130699475583604
151,151,0.1450642257565413,0.2111255114103985,0.7327580612273921,1.997726471111153,0.5150246296462588
152,152,0.1443838231258221,0.21018057625702716,0.732330573323722,2.000882253982667,0.5169684883588682
153,153,0.1437094851900472,0.20924406191342487,0.7319054054547507,2.004021839399372,0.5189016319748619
154,154,0.1430411285669523,0.20831585631558333,0.7314825327068492,2.007145402917591,0.5208241672315469
155,155,0.1423786714691372,0.2073958493791738,0.7310619305836412,2.010253117217555,0.522736199352769
156,156,0.1417220336640891,0.20648393295602413,0.7306435749963613,2.0133451521660315,0.5246378320762227
157,157,0.1410711364358276,0.20558000079173888,0.7302274422544947,2.016421674877263,0.5265291676801782
158,158,0.1404259025477297,0.20468394848442745,0.7298135090566934,2.0194828497722637,0.5284103070096405
159,159,0.1397862562061674,0.2037956734445074,0.7294017524819562,2.022528838636532,0.5302813495019533
160,160,0.1391521230255593,0.20291507485554966,0.7289921499810637,2.0255598006762288,0.5321423932118604
161,161,0.1385234299943401,0.20204205363613426,0.7285846793682594,2.028575892572865,0.5339935348360385
162,162,0.137900105442003,0.2011765124026869,0.7281793188131701,2.0315772685365525,0.5358348697371127
163,163,0.1372820790070185,0.20031835543326657,0.7277760468329524,2.03456408035786,0.5376664919671673
164,164,0.1366692816058423,0.19946748863227576,0.7273748422846643,2.037536477458315,0.5394884942907636
165,165,0.1360616454027828,0.19862381949606675,0.7269756843578489,2.0404946069395984,0.5413009682074765
166,166,0.1354591037806359,0.19778725707941663,0.7265785525673245,2.0434386136314715,0.5431040039739611
167,167,0.1348615913123444,0.19695771196284628,0.7261834267461758,2.0463686401384695,0.5448976906255596
168,168,0.1342690437334405,0.196135096220758,0.7257902870389368,2.049284826885405,0.5466821159974611
169,169,0.1336813979151629,0.19531932339036867,0.725399113894961,2.052187312161717,0.548457366745422
170,170,0.1330985918384137,0.19451030844141448,0.7250098880619716,2.055076232164694,0.5502235283660601
171,171,0.1325205645685914,0.19370796774660604,0.7246225905797863,2.0579517210416145,0.55198068521673
172,172,0.1319472562308519,0.19291221905281128,0.7242372027742101,2.060813910930831,0.5537289205349913
173,173,0.1313786079875171,0.1921229814529459,0.7238537062510919,2.0636629320018316,0.5554683164576778
174,174,0.1308145620086843,0.19134017535855088,0.7234720828905384,2.066498912494305,0.5571989540395774
175,175,0.1302550614620067,0.19056372247303793,0.7230923148412906,2.069321978756249,0.5589209132717325
176,176,0.129700050478309,0.1897935457655834,0.72271438451522,2.072132255281135,0.5606342730993683
177,177,0.1291494741364778,0.1890295694456529,0.7223382745820017,2.074929864744175,0.562339111439458
178,178,0.1286032784414491,0.18827171893813885,0.7219639679639068,2.0777149280376954,0.5640355051979347
179,179,0.1280614103039929,0.18751992085909325,0.721591447830734,2.0804875643056655,0.5657235302865553
180,180,0.1275238175210048,0.18677410299204003,0.7212206975948707,2.0832478909773884,0.567403261639428
181,181,0.1269904487564017,0.18603419426485027,0.7208517009064798,2.085996023800386,0.5690747732292071
182,182,0.1264612535225298,0.18530012472716484,0.7204844416488102,2.0887320768724997,0.5707381380829664
183,183,0.125936182162015,0.18457182552834953,0.7201189039336234,2.091456162673232,0.5723934282977559
184,184,0.1254151858300531,0.18384922889596786,0.7197550720967363,2.0941683920943417,0.5740407150558505
185,185,0.1248982164773457,0.18313226811475797,0.7193929306936744,2.096868874469724,0.5756800686396973
186,186,0.1243852268332292,0.1824208775060991,0.7190324644954337,2.0995577176045908,0.5773115584465678
187,187,0.1238761703894673,0.18171499240795502,0.7186736584843466,2.1022350278039696,0.5789352530029221
188,188,0.123371001384349,0.1810145491552812,0.7183164978500489,2.104900909900542,0.5805512199784929
189,189,0.1228696747871341,0.18031948506088355,0.7179609679855461,2.1075554672818386,0.5821595262000924
190,190,0.1223721462831642,0.17962973839671625,0.7176070544833745,2.1101988019168116,0.5837602376651516
191,191,0.121878372258969,0.17894524837560738,0.7172547431318552,2.112831014381796,0.5853534195549969
192,192,0.1213883097880701,0.17826595513340063,0.7169040199114383,2.115452203885882,0.5869391362478682
193,193,0.1209019166169551,0.17759179971150235,0.7165548709911338,2.11806246829571,0.5885174513316878
194,194,0.1204191511515975,0.17692272403982284,0.716207282725028,2.1206619041597086,0.5900884276165814
195,195,0.1199399724439787,0.17625867092010233,0.7158612416488814,2.1232506067317853,0.5916521271471609
196,196,0.119464340179358,0.17559958400961054,0.7155167344768081,2.1258286699944886,0.5932086112145709
197,197,0.1189922146634731,0.17494540780521073,0.7151737480980306,2.128396186681653,0.5947579403683062
198,198,0.1185235568104431,0.1742960876277789,0.7148322695737122,2.130953248300545,0.5963001744278044
199,199,0.1180583281305063,0.17365156960696831,0.7144922861338615,2.1334999451535133,0.5978353724938188
200,200,0.1175964907185689,0.17301180066631106,0.7141537851743084,2.1360363663591726,0.5993635929595769
201,201,0.117138007242522,0.17237672850864766,0.71381675425375,2.138562599873115,0.6008848935217278
202,202,0.1166828409323156,0.17174630160187623,0.7134811810908627,2.141078732508175,0.6023993311910851
203,203,0.1162309555688923,0.1711204691650136,0.7131470535614808,2.143584849954253,0.603906962303168
204,204,0.115782315473708,0.17049918115455975,0.712814359695838,2.146081036797711,0.6054078425285455
205,205,0.1153368854982131,0.16988238825115823,0.7124830876758718,2.1485673765403503,0.6069020268829892
206,206,0.1148946310138354,0.16927004184654543,0.7121532258325864,2.1510439516179845,0.6083895697374366
207,207,0.1144555179020496,0.16866209403078053,0.7118247626434766,2.1535108434186125,0.6098705248277708
208,208,0.1140195125447225,0.16805849757975014,0.7114976867300061,2.1559681323002104,0.6113449452644197
209,209,0.1135865818146467,0.16745920594294006,0.7111719868551433,2.158415897608143,0.612812883541779
210,210,0.1131566930664122,0.16686417323146768,0.71084765192095,2.1608542176922105,0.6142743915474621
211,211,0.1127298141273237,0.16627335420636893,0.7105246709662231,2.1632831699233366,0.6157295205713819
212,212,0.1123059132886272,0.16568670426713275,0.7102030331641866,2.165702830709909,0.6171783213146661
213,213,0.1118849592969269,0.16510417944047787,0.7098827278202352,2.168113275513779,0.6186208438984115
214,214,0.111466921345836,0.1645257363693651,0.7095637443697241,2.17051457886593,0.6200571378722797
215,215,0.1110517690676625,0.16395133230224013,0.7092460723758081,2.1729068143818235,0.621487252222937
216,216,0.1106394725254838,0.16338092508250074,0.7089297015273244,2.175290054776427,0.6229112353823439
217,217,0.1102300022052652,0.16281447313818304,0.708614621636723,2.1776643718789384,0.6243291352358945
218,218,0.1098233290082437,0.1622519354718616,0.7083008226380381,2.180029836647207,0.6257409991304111
219,219,0.1094194242433342,0.16169327165075828,0.7079882945849041,2.182386519181862,0.6271468738819964
220,220,0.1090182596199269,0.16113844179705472,0.707677027648611,2.1847344887401587,0.6285468057837457
221,221,0.1086198072406183,0.16058740657840334,0.7073670121162019,2.1870738137495405,0.6299408406133228
222,222,0.1082240395942848,0.16004012719863275,0.7070582383886094,2.189404561820933,0.6313290236404021
223,223,0.1078309295491676,0.15949656538864226,0.7067506969788293,2.1917267997617715,0.6327113996339796
224,224,0.1074404503461941,0.1589566833974815,0.7064443785101336,2.194040593588768,0.6340880128695553
225,225,0.1070525755924584,0.1584204439836105,0.7061392737143181,2.1963460085404267,0.6354589071361904
226,226,0.1066672792547147,0.15788781040633612,0.7058353734299866,2.198643109089312,0.6368241257434408
227,227,0.1062845356531831,0.1573587464174207,0.7055326686008696,2.2009319589540737,0.6381837115281708
228,228,0.1059043194553793,0.1568332162528587,0.7052311502741769,2.2032126211112395,0.6395377068612472
229,229,0.1055266056701383,0.15631118462481783,0.7049308095989829,2.205485157806775,0.6408861536541195
230,230,0.1051513696415739,0.15579261671374023,0.704631637824644,2.2077496305674202,0.6422290933652851
231,231,0.1047785870435565,0.1552774781606008,0.7043336262992481,2.2100061002118054,0.6435665670066443
232,232,0.1044082338738951,0.15476573505931823,0.7040367664680939,2.212254626861354,0.6448986151497457
233,233,0.1040402864488779,0.15425735394931578,0.7037410498722007,2.214495269950976,0.6462252779319259
234,234,0.1036747213979207,0.15375230180822824,0.7034464681468472,2.216728088239554,0.6475465950623432
235,235,0.1033115156581695,0.15325054604475152,0.7031530130201388,2.2189531398202336,0.6488626058279107
236,236,0.1029506464693867,0.15275205449163198,0.7028606763116022,2.221170482130514,0.6501733490991266
237,237,0.1025920913688731,0.15225679539879206,0.7025694499308084,2.223380171962151,0.6514788633358084
238,238,0.1022358281864962,0.15176473742658916,0.702279325876021,2.2255822654708712,0.6527791865927292
239,239,0.1018818350398058,0.15127584963920485,0.7019902962328711,2.227776818185906,0.6540743565251596
240,240,0.1015300903292283,0.15079010149816152,0.7017023531730565,2.2299638850193433,0.655364410394317
241,241,0.1011805727335266,0.1503074628559635,0.7014154889530677,2.2321435202753093,0.6566493850727246
242,242,0.1008332612050608,0.1498279039498597,0.7011296959129352,2.2343157776589764,0.6579293170494801
243,243,0.1004881349654341,0.14935139539572567,0.700844966475003,2.2364807102854067,0.6592042424354375
244,244,0.1001451735010562,0.1488779081820617,0.7005612931427231,2.238638370688231,0.660474196968304
245,245,0.099804356558695,0.14840741366410484,0.7002786684994741,2.2407888108281697,0.6617392160176517
246,246,0.0994656641415661,0.14793988355805232,0.6999970852074003,2.2429320821013947,0.6629993345898476
247,247,0.0991290765048846,0.14747528993539358,0.6997165360062737,2.2450682353477442,0.6642545873329025
248,248,0.0987945741520385,0.147013605217349,0.6994370137123762,2.247197320858783,0.6655050085412412
249,249,0.0984621378303961,0.14655480216941255,0.6991585112174021,2.2493193883857194,0.6667506321603937
250,250,0.09813174852764,0.1460988538959966,0.6988810214873815,2.251434487147179,0.6679914917916119
251,251,0.0978033874677847,0.14564573383517607,0.6986045375616226,2.2535426658368394,0.6692276206964104
252,252,0.0974770361074992,0.1451954157535302,0.6983290525516737,2.255643972630926,0.670459051801034
253,253,0.0971526761323769,0.1447478737410799,0.6980545596403035,2.257738455195577,0.6716858177008537
254,254,0.0968302894534371,0.14430308220631802,0.6977810520805002,2.2598261606940744,0.6729079506646914
255,255,0.0965098582034794,0.1438610158713315,0.6975085231944882,2.26190713579395,0.6741254826390768
256,256,0.0961913647336804,0.14342164976701244,0.6972369663727624,2.263981426673965,0.675338445252434
257,257,0.0958747916101574,0.1429849592283569,0.6969663750731403,2.266049079030962,0.676546869819204
258,258,0.0955601216107026,0.14255091988984933,0.6966967428198293,2.2681101380866067,0.6777507873438996
259,259,0.0952473377214143,0.14211950768093062,0.6964280632025126,2.2701646485940024,0.6789502285250978
260,260,0.0949364231336266,0.14169069882154853,0.6961603298754495,2.272212654844194,0.6801452237593678
261,261,0.0946273612405433,0.14126446981778795,0.695893536556592,2.2742542006725603,0.6813358031451384
262,262,0.0943201356344074,0.14084079745758038,0.6956276770267171,2.2762893294650905,0.6825219964865036
263,263,0.0940147301032899,0.1404196588064898,0.6953627451285738,2.2783180841645585,0.6837038332969693
264,264,0.0937111286281222,0.14000103120357438,0.6950987347660448,2.2803405072765877,0.6848813428031414
265,265,0.093409315379927,0.13958489225732174,0.6948356399033226,2.282356640875613,0.6860545539483568
266,266,0.0931092747167496,0.1391712198416565,0.694573454564101,2.284366526610741,0.687223495396257
267,267,0.0928109911809852,0.1387599920920189,0.6943121728307781,2.2863702057115116,0.6883881955343081
268,268,0.0925144494965852,0.1383511874015121,0.6940517888436746,2.288367718993559,0.6895486824772644
269,269,0.0922196345663007,0.13794478441711824,0.6937922968002652,2.290359106864182,0.6907049840705808
270,270,0.0919265314691108,0.13754076203598026,0.6935336909544227,2.2923444093278156,0.6918571278937713
271,271,0.0916351254575029,0.13713909940174918,0.6932759656156743,2.294323665991415,0.6930051412637169
272,272,0.0913454019550214,0.13673977590099537,0.6930191151484714,2.2962969160697466,0.6941490512379228
273,273,0.0910573465536136,0.13634277115968182,0.692763133971471,2.298264198390593,0.6952888846177259
274,274,0.0907709450112784,0.13594806503969928,0.6925080165568294,2.3002255513998695,0.6964246679514536
275,275,0.0904861832496176,0.13555563763546097,0.6922537574295069,2.3021810131666594,0.6975564275375357
276,276,0.0902030473513626,0.13516546927055628,0.6920003511665852,2.3041306213881616,0.6986841894275675
277,277,0.0899215235581133,0.13477754049446206,0.6917477923965947,2.3060744133945614,0.6998079794293289
278,278,0.0896415982680295,0.1343918320793103,0.6914960757988542,2.3080124261538186,0.7009278231097568
279,279,0.0893632580335386,0.13400832501671137,0.6912451961028199,2.3099446962763786,0.7020437457978729
280,280,0.0890864895591493,0.13362700051463128,0.6909951480874466,2.3118712600198066,0.7031557725876693
281,281,0.0888112796992287,0.13324783999432227,0.6907459265805577,2.3137921532933468,0.7042639283409492
282,282,0.0885376154559047,0.1328708250873052,0.690497526458227,2.3157074116624083,0.7053682376901272
283,283,0.0882654839769013,0.13249593763240347,0.690249942644169,2.317617070352977,0.7064687250409869
284,284,0.0879948725535565,0.1321231596728268,0.6900031701091395,2.3195211642559594,0.7075654145753979
285,285,0.0877257686186795,0.13175247345330382,0.6897572038703467,2.3214197279314543,0.7086583302539939
286,286,0.0874581597446078,0.13138386141726344,0.68951203899087,2.323312795612958,0.7097474958188101
287,287,0.0871920336413502,0.13101730620406263,0.6892676705790897,2.325200401211501,0.7108329347958828
288,288,0.0869273781543881,0.13065279064626117,0.6890240937881243,2.3270825783197226,0.7119146704978107
289,289,0.0866641812630393,0.1302902977669414,0.688781303815278,2.328959360215876,0.712992726026279
290,290,0.0864024310785084,0.12992981077707239,0.6885392959014952,2.3308307798677736,0.7140671242745469
291,291,0.0861421158419448,0.12957131307291808,0.6882980653308258,2.332696869936671,0.7151378879298991
292,292,0.085883223922864,0.1292147882334879,0.6880576074298967,2.334557662781087,0.7162050394760615
293,293,0.0856257438171287,0.1288602200180295,0.687817917567393,2.3364131904605685,0.7172686011955826
294,294,0.0853696641453477,0.12850759236356266,0.6875789911535461,2.3382634847393917,0.71832859517218
295,295,0.0851149736512271,0.1281568893824535,0.6873408236396311,2.3401085770902093,0.7193850432930544
296,296,0.0848616611996406,0.1278080953600285,0.6871034105174703,2.3419484986976413,0.7204379672511693
297,297,0.0846097157753226,0.12746119475222695,0.6868667473189454,2.3437832804618095,0.7214873885474987
298,298,0.0843591264808826,0.12711617218329208,0.6866308296155176,2.345612953001816,0.7225333284932433
299,299,0.0841098825354695,0.12677301244349917,0.6863956530177527,2.3474375466591733,0.7235758082120142
300,300,0.0838619732730529,0.1264317004869205,0.6861612131748572,2.3492570915011757,0.7246148486419867
301,301,0.0836153881408925,0.12609222142922646,0.6859275057742172,2.351071617324226,0.7256504705380232
302,302,0.0833701166981451,0.12575456054552156,0.6856945265409476,2.3528811536571066,0.7266826944737665
303,303,0.0831261486141774,0.12541870326821572,0.6854622712374464,2.3546857297642028,0.7277115408437036
304,304,0.0828834736671583,0.125084635184929,0.6852307356629558,2.356485374648678,0.7287370298652001
305,305,0.0826420817426994,0.12475234203643014,0.6849999156531306,2.358280117055602,0.7297591815805071
306,306,0.0824019628322969,0.12442180971460766,0.6847698070796121,2.3600699854750284,0.7307780158587399
307,307,0.0821631070320196,0.12409302426047318,0.6845404058496094,2.3618550081450325,0.7317935523978286
308,308,0.0819255045410607,0.12376597186219633,0.6843117079054856,2.3636352130546974,0.7328058107264425
309,309,0.0816891456604808,0.12344063885317066,0.6840837092243508,2.365410627947059,0.7338148102058869
310,310,0.0814540207917032,0.12311701171010993,0.6838564058176616,2.3671812803220087,0.7348205700319752
311,311,0.0812201204353804,0.12279507705117428,0.6836297937308253,2.36894719743915,0.7358231092368738
312,312,0.0809874351900048,0.12247482163412576,0.6834038690428113,2.3707084063206145,0.7368224466909226
313,313,0.0807559557506599,0.12215623235451264,0.6831786278657659,2.372464933753838,0.7378186011044303
314,314,0.0805256729076744,0.12183929624388197,0.6829540663446357,2.3742168062942937,0.7388115910294452
315,315,0.0802965775455369,0.12152400046801981,0.6827301806567942,2.3759640502681862,0.7398014348615017
316,316,0.0800686606416398,0.12121033232521887,0.682506967011674,2.3777066917751073,0.7407881508413441
317,317,0.0798419132650022,0.12089827924457286,0.6822844216504056,2.379444756690652,0.741771757056625
318,318,0.0796163265751513,0.12058782878429701,0.6820625408454598,2.381178270668997,0.7427522714435834
319,319,0.0793918918209793,0.12027896863007452,0.6818413209002966,2.382907259145443,0.7437297117886977
320,320,0.0791686003396061,0.11997168659342834,0.6816207581490176,2.3846317473389207,0.7447040957303186
321,321,0.0789464435551755,0.11966597061011783,0.6814008489560247,2.3863517602544566,0.7456754407602781
322,322,0.0787254129778767,0.11936180873855981,0.6811815897156832,2.3880673226856097,0.7466437642254791
323,323,0.0785055002027137,0.1190591891582737,0.680962976851989,2.3897784592168687,0.7476090833294615
324,324,0.0782866969085727,0.11875810016835034,0.6807450068182413,2.391485194226019,0.74857141513395
325,325,0.0780689948570987,0.11845853018594368,0.6805276760967198,2.3931875518864727,0.7495307765603788
326,326,0.0778523858916164,0.11816046774478567,0.6803109811983655,2.3948855561695668,0.7504871843913982
327,327,0.0776368619361856,0.11786390149372312,0.6800949186624673,2.396579230846831,0.7514406552723598
328,328,0.0774224149945652,0.11756882019527676,0.6798794850563521,2.398268599492221,0.7523912057127835
329,329,0.0772090371491796,0.11727521272422183,0.6796646769750794,2.399953685484321,0.7533388520878037
330,330,0.0769967205602233,0.11698306806618998,0.6794504910411399,2.4016345120085165,0.7542836106395979
331,331,0.0767854574646488,0.11669237531629174,0.6792369239041584,2.403311102059137,0.7552254974787957
332,332,0.0765752401751584,0.11640312367775985,0.6790239722406013,2.4049834784415673,0.7561645285858702
333,333,0.0763660610794283,0.11611530246061244,0.6788116327534873,2.4066516637743303,0.7571007198125104
334,334,0.076157912638972,0.11582890108033611,0.678599902172102,2.4083156804911416,0.7580340868829762
335,335,0.0759507873885194,0.11554390905658836,0.6783887772517173,2.409975550842936,0.7589646453954366
336,336,0.0757446779348432,0.11526031601191931,0.678178254773314,2.4116312968998637,0.7598924108232891
337,337,0.0755395769560499,0.11497811167051204,0.6779683315433075,2.4132829405532634,0.7608173985164632
338,338,0.0753354772005799,0.11469728585694135,0.6777590043932789,2.4149305035176045,0.7617396237027072
339,339,0.0751323714865537,0.1144178284949509,0.6775502701797077,2.4165740073324042,0.7626591014888574
340,340,0.074930252700743,0.11413972960624791,0.67734212578371,2.41821347336412,0.7635758468620925
341,341,0.0747291137978543,0.11386297930931555,0.6771345681107785,2.4198489228080144,0.7644898746911707
342,342,0.0745289477995924,0.11358756781824256,0.6769275940905272,2.4214803766899955,0.7654011997276522
343,343,0.074329747794029,0.1133134854415698,0.6767212006764386,2.4231078558684325,0.7663098366071052
344,344,0.0741315069346535,0.11304072258115336,0.6765153848456152,2.4247313810359477,0.767215799850297
345,345,0.0739342184396638,0.11276926973104426,0.6763101435985333,2.426350972721183,0.7681191038643702
346,346,0.0737378755911852,0.11249911747638398,0.6761054739588006,2.427966651290543,0.7690197629440041
347,347,0.0735424717345155,0.11223025649231616,0.6759013729729172,2.429578436949917,0.7699177912725609
348,348,0.0733480002774195,0.11196267754291349,0.6756978377100386,2.4311863497463753,0.7708132029232181
349,349,0.0731544546892247,0.11169637148012031,0.6754948652617434,2.432790409569844,0.7717060118600866
350,350,0.0729618285003404,0.11143132924270985,0.675292452741803,2.434390636154759,0.7725962319393147
351,351,0.0727701153013489,0.11116754185525671,0.6750905972859541,2.4359870490816964,0.7734838769101784
352,352,0.07257930874236,0.11090500042712352,0.6748892960516749,2.437579667778982,0.774368960416158
353,353,0.072389402532367,0.11064369615146218,0.6746885462179639,2.4391685115242794,0.7752514959960017
354,354,0.0722003904384955,0.11038362030422906,0.6744883449851211,2.4407535994461593,0.7761314970847758
355,355,0.0720122662852849,0.11012476424321412,0.6742886895745327,2.4423349505256455,0.7770089770149016
356,356,0.0718250239542089,0.1098671194070836,0.674089577228458,2.443912583597742,0.7778839490171803
357,357,0.0716386573827808,0.10961067731443619,0.6738910052098195,2.445486517352942,0.7787564262218045
358,358,0.0714531605640458,0.10935542956287231,0.6736929708019953,2.447056770338713,0.7796264216593582
359,359,0.0712685275459038,0.10910136782807639,0.673495471308614,2.448623360960968,0.7804939482618034
360,360,0.0710847524305537,0.10884848386291199,0.6732985040533531,2.4501863074855144,0.7813590188634555
361,361,0.070901829373716,0.1085967694965293,0.6731020663797385,2.451745628039484,0.7822216462019467
362,362,0.0707197525841445,0.10834621663348525,0.6729061556509479,2.453301340612747,0.7830818429191775
363,363,0.0705385163230215,0.10809681725287544,0.6727107692496157,2.4548534630593077,0.7839396215622568
364,364,0.070358114903236,0.10784856340747842,0.6725159045776412,2.4564020130986797,0.7847949945844307
365,365,0.0701785426889764,0.10760144722291137,0.6723215590559981,2.457947008317245,0.7856479743459995
366,366,0.069999794095014,0.10735546089679762,0.6721277301245475,2.459488466169599,0.7864985731152249
367,367,0.0698218635861913,0.10711059669794536,0.6719344152418523,2.461026403979872,0.7873468030692247
368,368,0.0696447456768421,0.1068668469655378,0.6717416118849946,2.4625608389430425,0.7881926762948581
369,369,0.0694684349302177,0.1066242041083342,0.6715493175493951,2.4640917881262245,0.7890362047895999
370,370,0.0692929259579975,0.10638266060388167,0.6713575297486343,2.465619268469947,0.7898774004624041
371,371,0.0691182134196953,0.10614220899773792,0.6711662460142769,2.467143296789412,0.7907162751345574
372,372,0.068944292022068,0.10590284190270437,0.6709754638956972,2.468663889775739,0.791552840540523
373,373,0.0687711565187867,0.10566455199806954,0.670785180959907,2.4701810639971957,0.792387108328773
374,374,0.0685988017096905,0.10542733202886286,0.6705953947913866,2.471694835900408,0.793219090062613
375,375,0.0684272224403745,0.10519117480511819,0.6704061029919163,2.4732052218115608,0.7940487972209953
376,376,0.0682564136017681,0.10495607320114764,0.6702173031804107,2.4747122379375823,0.7948762411993231
377,377,0.0680863701294337,0.10472202015482458,0.6700289929927553,2.4762159003673108,0.7957014333102453
378,378,0.0679170870032531,0.10448900866687681,0.6698411700816443,2.477716225072651,0.7965243847844422
379,379,0.0677485592468782,0.10425703180018853,0.6696538321164215,2.4792132279097148,0.7973451067714012
380,380,0.0675807819272545,0.10402608267911215,0.6694669767829214,2.480706924619946,0.7981636103401848
381,381,0.0674137501541293,0.1037961544887889,0.6692806017833138,2.4821973308312355,0.798979906480188
382,382,0.0672474590796212,0.1035672404744784,0.6690947048359498,2.483684462059019,0.7997940061018883
383,383,0.0670819038976785,0.10333933394089734,0.668909283675209,2.4851683337073633,0.8006059200375865
384,384,0.0669170798437976,0.10311242825156666,0.668724336051349,2.4866489610700397,0.8014156590421383
385,385,0.066752982194351,0.1028865168281673,0.668539859730357,2.488126359331583,0.8022232337936788
386,386,0.0665896062663153,0.1026615931499046,0.6683558524938031,2.4896005435683395,0.8030286548943372
387,387,0.0664269474167273,0.1024376507528808,0.668172312138694,2.4910715287495004,0.8038319328709446
388,388,0.0662650010424016,0.10221468322947591,0.6679892364773304,2.492539329738125,0.8046330781757327
389,389,0.0661037625792972,0.10199268422773644,0.6678066233371648,2.49400396129215,0.805432101187025
390,390,0.0659432275022395,0.1017716474507723,0.6676244705606612,2.4954654380653873,0.8062290122099198
391,391,0.06578339132448,0.10155156665616144,0.667442776005157,2.49692377460851,0.8070238214769658
392,392,0.0656242495973052,0.10133243565536208,0.6672615375427254,2.4983789853700267,0.8078165391488298
393,393,0.0654657979095051,0.10111424831313275,0.6670807530600404,2.499831084697244,0.8086071753149566
394,394,0.0653080318872127,0.10089699854695966,0.6669004204582432,2.501280086837218,0.8093957399942221
395,395,0.0651509471932291,0.10068068032649145,0.6667205376528094,2.502726005937694,0.8101822431355782
396,396,0.0649945395269018,0.10046528767298124,0.6665411025734188,2.504168856048037,0.8109666946186909
397,397,0.0648388046235226,0.10025081465873578,0.6663621131638258,2.505608651120147,0.8117491042545714
398,398,0.0646837382541004,0.1000372554065717,0.666183567381732,2.5070454050093702,0.8125294817861994
399,399,0.0645293362248814,0.09982460408927867,0.6660054631986595,2.5084791314753923,0.8133078368891404
400,400,0.0643755943771117,0.09961285492908929,0.6658277985998264,2.5099098441831265,0.8140841791721553
401,401,0.0642225085864604,0.09940200219715592,0.6656505715840233,2.511337556703589,0.8148585181778031
402,402,0.0640700747628976,0.099192040213034,0.6654737801634911,2.512762282514766,0.8156308633830381
403,403,0.0639182888502059,0.09898296334417185,0.6652974223638006,2.5141840350024687,0.8164012241997992
404,404,0.0637671468256248,0.09877476600540706,0.665121496223733,2.5156028274611786,0.8171696099755927
405,405,0.063616644699534,0.09856744265846919,0.664945999795162,2.5170186730948854,0.81793602999407
406,406,0.0634667785151012,0.09836098781148854,0.6647709311429375,2.518431585017913,0.8187004934755969
407,407,0.0633175443479935,0.0981553960185114,0.6645962883447699,2.519841576255735,0.8194630095778188
408,408,0.0631689383059846,0.09795066187902107,0.6644220694911162,2.5212486597457864,0.8202235873962177
409,409,0.0630209565286448,0.097746780037465,0.6642482726850673,2.522652848338258,0.8209822359646645
410,410,0.0628735951869669,0.09754374518278776,0.6640748960422366,2.524054154796889,0.8217389642559645
411,411,0.0627268504831503,0.09734155204797001,0.6639019376906494,2.5254525917997457,0.8224937811823974
412,412,0.0625807186501947,0.09714019540957293,0.6637293957706412,2.526848171939994,0.823246695596251
413,413,0.0624351959516502,0.09693967008728835,0.6635572684347616,2.5282409077266634,0.8239977162903496
414,414,0.0622902786812601,0.09673997094349465,0.6633855538475903,2.5296308115853994,0.8247468519985759
415,415,0.0621459631625656,0.09654109288281786,0.6632142501857229,2.531017895859211,0.8254941113963881
416,416,0.0620022457488575,0.09634303085169836,0.6630433556376342,2.532402172809208,0.8262395031013308
417,417,0.0618591228226393,0.09614577983796281,0.6628728684035745,2.5337836546153296,0.8269830356735406
418,418,0.0617165907954362,0.0959493348704013,0.6627027866954681,2.535162353377066,0.8277247176162467
419,419,0.0615746461075016,0.0957536910183498,0.662533108736812,2.536538281114172,0.8284645573762649
420,420,0.0614332852275224,0.09555884339127757,0.6623638327625762,2.5379114497673716,0.8292025633444877
421,421,0.0612925046522604,0.0953647871383797,0.6621949570191045,2.5392818711990555,0.8299387438563685
422,422,0.0611523009064079,0.09517151744817455,0.6620264797640179,2.5406495571939707,0.8306731071924002
423,423,0.0610126705422396,0.094979029548106,0.6618583992661167,2.5420145194599026,0.8314056615785897
424,424,0.0608736101392778,0.09478731870415077,0.6616907138052859,2.5433767696283502,0.8321364151869266
425,425,0.0607351163041223,0.0945963802204302,0.6615234216724004,2.5447363192551924,0.8328653761358471
426,426,0.0605971856701735,0.0944062094388268,0.661356521169231,2.546093179821347,0.8335925524906931
427,427,0.0604598148972274,0.0942168017386056,0.6611900106083527,2.547447362733426,0.8343179522641664
428,428,0.0603230006714829,0.09402815253603974,0.661023888313052,2.5487988793243774,0.835041583416778
429,429,0.0601867397049955,0.0938402572840408,0.6608581526172376,2.550147740854127,0.8357634538572929
430,430,0.0600510287355919,0.09365311147179342,0.6606928018653501,2.5514939585102074,0.83648357144317
431,431,0.0599158645265815,0.09346671062439435,0.6605278344122731,2.5528375434083848,0.8372019439809972
432,432,0.0597812438665156,0.09328105030249573,0.6603632486232461,2.5541785065932743,0.8379185792269229
433,433,0.0596471635689165,0.09309612610195271,0.6601990428737774,2.5555168590389536,0.8386334848870816
434,434,0.0595136204720269,0.09291193365347514,0.6600352155495578,2.556852611649566,0.839346668618016
435,435,0.0593806114386178,0.09272846862228348,0.6598717650463769,2.5581857752599184,0.8400581380270947
436,436,0.0592481333556902,0.09254572670776887,0.6597086897700374,2.5595163606360747,0.8407679006729252
437,437,0.0591161831343319,0.0923637036431568,0.6595459881362727,2.560844378475939,0.8414759640657624
438,438,0.0589847577093659,0.09218239519517528,0.6593836585706652,2.5621698394098362,0.842182335667914
439,439,0.0588538540391846,0.09200179716372657,0.6592216995085632,2.5634927540010843,0.8428870228941401
440,440,0.058723469105537,0.09182190538156286,0.6590601093950018,2.5648131327465618,0.8435900331120502
441,441,0.0585935999133238,0.09164271571396573,0.6588988866846223,2.566130986077267,0.844291373642495
442,442,0.0584642434902474,0.09146422405842934,0.6587380298415932,2.5674463243588757,0.8449910517599549
443,443,0.0583353968867526,0.09128642634434742,0.658577537339533,2.568759157892287,0.8456890746929243
444,444,0.0582070571757264,0.09110931853270374,0.6584174076614309,2.570069496914168,0.8463854496242915
445,445,0.0580792214523078,0.09093289661576627,0.6582576392995726,2.5713773515974925,0.8470801836917156
446,446,0.0579518868336449,0.09075715661678495,0.6580982307554627,2.5726827320520704,0.8477732839879988
447,447,0.0578250504587506,0.09058209458969277,0.6579391805397506,2.5739856483250763,0.8484647575614555
448,448,0.0576987094881659,0.09040770661881053,0.6577804871721561,2.5752861104015685,0.849154611416277
449,449,0.0575728611039616,0.0902339888185548,0.6576221491813955,2.5765841282050057,0.8498428525128935
450,450,0.0574475025093364,0.09006093733314935,0.6574641651051096,2.5778797115977565,0.8505294877683309
451,451,0.0573226309285476,0.08988854833633994,0.6573065334897913,2.5791728703816035,0.851214524056566
452,452,0.0571982436065976,0.08971681803111221,0.6571492528907141,2.580463614298244,0.851897968208876
453,453,0.0570743378091966,0.08954574264941301,0.6569923218718623,2.5817519530297823,0.8525798270141863
454,454,0.0569509108224012,0.0893753184518747,0.6568357390058603,2.5830378961992224,0.853260107219414
455,455,0.056827959952554,0.08920554172754279,0.6566795028739041,2.5843214533709484,0.8539388155298074
456,456,0.0567054825260495,0.0890364087936065,0.6565236120656925,2.585602634051206,0.8546159586092835
457,457,0.0565834758890433,0.08886791599513251,0.6563680651793597,2.5868814476885755,0.8552915430807607
458,458,0.0564619374075306,0.08870005970480171,0.656212860821408,2.5881579036744427,0.8559655755264893
459,459,0.0563408644668351,0.08853283632264886,0.6560579976066412,2.5894320113434612,0.8566380624883783
460,460,0.0562202544717024,0.08836624227580515,0.6559034741580991,2.590703779974015,0.8573090104683182
461,461,0.0561001048459708,0.08820027401824396,0.6557492891069927,2.5919732187886724,0.8579784259285024
462,462,0.0559804130324143,0.08803492803052898,0.6555954410926393,2.593240336954636,0.8586463152917434
463,463,0.0558611764926481,0.08787020081956569,0.6554419287623988,2.5945051435841897,0.8593126849417876
464,464,0.0557423927068272,0.08770608891835519,0.6552887507716108,2.5957676477351397,0.8599775412236256
465,465,0.0556240591736386,0.08754258888575106,0.6551359057835312,2.597027858411252,0.8606408904438005
466,466,0.055506173409947,0.08737969730621883,0.6549833924692717,2.598285784562685,0.8613027388707128
467,467,0.0553887329507565,0.0872174107895981,0.6548312095077373,2.5995414350864174,0.8619630927349219
468,468,0.0552717353490399,0.08705572597086739,0.6546793555855658,2.6007948188266723,0.8626219582294452
469,469,0.0551551781755062,0.08689463950991153,0.654527829397068,2.6020459445753374,0.8632793415100545
470,470,0.0550390590184891,0.08673414809129162,0.6543766296441678,2.6032948210723807,0.8639352486955686
471,471,0.054923375483774,0.08657424842401773,0.6542257550363433,2.6045414570062615,0.8645896858681439
472,472,0.0548081251944825,0.0864149372413237,0.654075204290569,2.6057858610143376,0.8652426590735618
473,473,0.054693305790844,0.08625621130044485,0.6539249761312568,2.607028041683269,0.8658941743215135
474,474,0.0545789149300523,0.08609806738239793,0.6537750692901996,2.6082680075494173,0.8665442375858818
475,475,0.0544649502861959,0.08594050229176349,0.6536254825065145,2.6095057670992414,0.8671928548050205
476,476,0.0543514095499595,0.0857835128564706,0.6534762145265866,2.6107413287696883,0.8678400318820305
477,477,0.0542382904286703,0.0856270959275841,0.6533272641040125,2.6119747009485805,0.8684857746850344
478,478,0.0541255906459476,0.08547124837909395,0.6531786299995469,2.6132058919750007,0.8691300890474473
479,479,0.0540133079417069,0.08531596710770707,0.6530303109810466,2.6144349101396718,0.8697729807682454
480,480,0.0539014400719253,0.08516124903264129,0.6528823058234169,2.615661763685332,0.8704144556122324
481,481,0.0537899848085734,0.08500709109542161,0.6527346133085584,2.61688646080711,0.8710545193103028
482,482,0.0536789399393703,0.08485349025967873,0.6525872322253133,2.6181090096528905,0.8716931775597031
483,483,0.0535683032677425,0.0847004435109496,0.6524401613694135,2.6193294183236833,0.8723304360242904
484,484,0.0534580726126385,0.08454794785648029,0.6522933995434281,2.6205476948739825,0.8729663003347884
485,485,0.0533482458084352,0.0843960003250309,0.6521469455567125,2.621763847312126,0.8736007760890411
486,486,0.0532388207046818,0.08424459796668257,0.6520007982253566,2.6229778836006505,0.8742338688522641
487,487,0.0531297951661551,0.08409373785264657,0.6518549563721346,2.6241898116566436,0.8748655841572937
488,488,0.0530211670725681,0.08394341707507544,0.6517094188264552,2.6253996393520898,0.8754959275048332
489,489,0.0529129343184888,0.08379363274687622,0.6515641844243113,2.6266073745142173,0.8761249043636974
490,490,0.052805094813248,0.08364438200152556,0.6514192520082315,2.627813024925839,0.8767525201710545
491,491,0.0526976464807457,0.08349566199288683,0.6512746204272312,2.6290165983256903,0.8773787803326657
492,492,0.052590587259334,0.08334746989502928,0.6511302885367639,2.6302181024087647,0.8780036902231227
493,493,0.0524839151017829,0.08319980290204897,0.6509862551986743,2.6314175448266446,0.8786272551860832
494,494,0.0523776279750436,0.08305265822789172,0.6508425192811501,2.632614933187831,0.8792494805345036
495,495,0.0522717238601654,0.08290603310617793,0.6506990796586756,2.633810275058068,0.8798703715508699
496,496,0.0521662007521786,0.08275992479002907,0.6505559352119852,2.635003577960666,0.8804899334874269
497,497,0.0520610566599974,0.08261433055189632,0.6504130848280171,2.636194849376822,0.8811081715664042
498,498,0.0519562896062296,0.08246924768339074,0.6502705273998679,2.6373840967459325,0.8817250909802412
499,499,0.0518518976271146,0.08232467349511532,0.6501282618267472,2.6385713274659106,0.8823406968918094
500,500,0.0517478787724101,0.08218060531649887,0.6499862870139332,2.639756548893495,0.8829549944346327
501,501,0.0516442311052592,0.08203704049563153,0.6498446018727279,2.6409397683445563,0.8835679887131059
502,502,0.0515409527020524,0.08189397639910202,0.6497032053204133,2.6421209930944043,0.8841796848027113
503,503,0.0514380416523766,0.08175141041183674,0.6495620962802079,2.6433002303780873,0.8847900877502323
504,504,0.0513354960588219,0.0816093399369403,0.6494212736812235,2.644477487390692,0.8853992025739666
505,505,0.0512333140369701,0.08146776239553793,0.6492807364584225,2.6456527712876405,0.8860070342639368
506,506,0.051131493715133,0.08132667522661938,0.6491404835525755,2.646826089184982,0.886613587782098
507,507,0.0510300332344179,0.08118607588688455,0.6490005139102186,2.647997448159685,0.8872188680625454
508,508,0.0509289307485565,0.08104596185059063,0.6488608264836133,2.6491668552499243,0.8878228800117187
509,509,0.050828184423708,0.08090633060940083,0.6487214202307039,2.6503343174553673,0.8884256285086051
510,510,0.0507277924384626,0.08076717967223479,0.6485822941150768,2.6514998417374556,0.8890271184049402
511,511,0.0506277529837184,0.08062850656512033,0.6484434471059211,2.652663435019686,0.8896273545254076
512,512,0.0505280642625217,0.08049030883104691,0.6483048781779867,2.653825104187888,0.8902263416678362
513,513,0.0504287244900463,0.08035258402982048,0.6481665863115462,2.654984856090498,0.8908240846033957
514,514,0.0503297318934308,0.08021532973791987,0.6480285704923546,2.6561426975388325,0.8914205880767909
515,515,0.0502310847116921,0.0800785435483546,0.64789082971161,2.6572986353073578,0.8920158568064538
516,516,0.0501327811956272,0.07994222307052423,0.6477533629659159,2.6584526761339577,0.8926098954847337
517,517,0.0500348196077295,0.07980636593007905,0.6476161692572413,2.659604826720198,0.8932027087780864
518,518,0.0499371982220858,0.07967096976878227,0.6474792475928843,2.66075509373159,0.8937943013272611
519,519,0.0498399153242315,0.07953603224437349,0.6473425969854333,2.661903483797851,0.8943846777474859
520,520,0.0497429692112132,0.07940155103043374,0.64720621645273,2.6630500035131597,0.8949738426286512
521,521,0.0496463581912056,0.07926752381625167,0.6470701050178322,2.6641946594364154,0.8955618005354925
522,522,0.0495500805837779,0.07913394830669129,0.6469342617089775,2.6653374580914893,0.8961485560077702
523,523,0.0494541347194538,0.07900082222206097,0.6467986855595463,2.6664784059674753,0.896734113560449
524,524,0.0493585189398896,0.07886814329798361,0.6466633756080266,2.6676175095189394,0.8973184776838746
525,525,0.0492632315976046,0.07873590928526843,0.6465283308979769,2.668754775166166,0.8979016528439505
526,526,0.0491682710560448,0.07860411794978377,0.6463935504779923,2.669890209295403,0.8984836434823112
527,527,0.0490736356892935,0.07847276707233128,0.6462590334016683,2.671023818259102,0.8990644540164955
528,528,0.0489793238822019,0.07834185444852138,0.6461247787275662,2.6721556083761606,0.899644088840117
529,529,0.0488853340301823,0.07821137788864994,0.6459907855191792,2.673285585932158,0.9002225523230348
530,530,0.0487916645391307,0.07808133521757618,0.645857052844897,2.674413757179592,0.9007998488115205
531,531,0.0486983138252727,0.07795172427460179,0.6457235797779733,2.6755401283381133,0.9013759826284259
532,532,0.0486052803152945,0.07782254291335126,0.6455903653964908,2.6766647055947552,0.9019509580733474
533,533,0.0485125624459897,0.07769378900165344,0.6454574087833289,2.6777874951041647,0.9025247794227904
534,534,0.0484201586644382,0.07756546042142419,0.64532470902613,2.6789085029888287,0.9030974509303316
535,535,0.0483280674277156,0.07743755506855024,0.6451922652172674,2.6800277353393005,0.9036689768267796
536,536,0.0482362872028413,0.07731007085277417,0.6450600764538116,2.6811451982144225,0.9042393613203351
537,537,0.0481448164668568,0.07718300569758059,0.6449281418374996,2.682260897641549,0.9048086085967484
538,538,0.0480536537065475,0.07705635754008339,0.6447964604747021,2.683374839616764,0.9053767228194767
539,539,0.0479627974185108,0.07693012433091406,0.6446650314763919,2.6844870301050996,0.9059437081298395
540,540,0.0478722461090011,0.07680430403411116,0.6445338539581128,2.6855974750407534,0.9065095686471725
541,541,0.0477819982938445,0.07667889462701091,0.6444029270399481,2.686706180327299,0.9070743084689807
542,542,0.0476920524983796,0.07655389410013876,0.6442722498464901,2.687813151837901,0.9076379316710899
543,543,0.0476024072574519,0.07642930045710201,0.6441418215068094,2.6889183954155245,0.9082004423077965
544,544,0.0475130611151968,0.0763051117144837,0.6440116411544244,2.6900219168731416,0.908761844412017
545,545,0.0474240126251052,0.07618132590173715,0.6438817079272713,2.6911237219939403,0.9093221419954352
546,546,0.047335260349886,0.07605794106108187,0.6437520209676747,2.692223816531529,0.9098813390486485
547,547,0.0472468028613148,0.07593495524740028,0.6436225794223173,2.693322206210137,0.9104394395413139
548,548,0.0471586387403403,0.07581236652813557,0.6434933824422111,2.69441889672482,0.9109964474222907
549,549,0.0470707665768498,0.07569017298319038,0.6433644291826682,2.6955138937416554,0.9115523666197839
550,550,0.0469831849697051,0.07556837270482662,0.643235718803272,2.696607202897943,0.9121072010414857
551,551,0.0468958925265748,0.07544696379756619,0.6431072504678483,2.6976988298023996,0.9126609545747154
552,552,0.0468088878639509,0.07532594437809254,0.6429790233444377,2.698788780035354,0.9132136310865588
553,553,0.0467221696070709,0.07520531257515348,0.6428510366052664,2.6998770591489394,0.9137652344240061
554,554,0.0466357363897772,0.07508506652946456,0.6427232894267194,2.7009636726672857,0.9143157684140886
555,555,0.0465495868545282,0.07496520439361365,0.6425957809893122,2.7020486260867074,0.914865236864014
556,556,0.0464637196523166,0.07484572433196628,0.6424685104776636,2.7031319248758923,0.9154136435613016
557,557,0.0463781334424912,0.07472662452057192,0.6423414770804683,2.7042135744760882,0.9159609922739149
558,558,0.0462928268929106,0.07460790314707123,0.6422146799904704,2.7052935803012867,0.9165072867503943
559,559,0.0462077986796889,0.07448955841060409,0.6420881184044361,2.7063719477384076,0.9170525307199879
560,560,0.0461230474871745,0.07437158852171853,0.6419617915231279,2.7074486821474792,0.9175967278927819
561,561,0.0460385720079646,0.07425399170228053,0.6418356985512772,2.708523788861819,0.9181398819598292
562,562,0.0459543709427707,0.07413676618538473,0.6417098386975593,2.7095972731882125,0.9186819965932776
563,563,0.0458704430003083,0.07401991021526591,0.6415842111745669,2.7106691404070906,0.9192230754464964
564,564,0.0457867868973891,0.07390342204721131,0.6414588151987848,2.7117393957727036,0.919763122154202
565,565,0.045703401358691,0.07378729994747384,0.6413336499905642,2.7128080445132974,0.9203021403325831
566,566,0.0456202851168074,0.073671542193186,0.6412087147740975,2.7138750918312846,0.920840133579424
567,567,0.0455374369120916,0.07355614707227477,0.6410840087773932,2.7149405429034172,0.9213771054742274
568,568,0.0454548554927927,0.07344111288337711,0.6409595312322515,2.7160044028809547,0.9219130595783361
569,569,0.0453725396147113,0.0733264379357564,0.6408352813742391,2.7170666768898335,0.922447999435054
570,570,0.0452904880413593,0.07321212054921959,0.640711258442665,2.718127370030835,0.9229819285697648
571,571,0.045208699543829,0.07309815905403513,0.6405874616805561,2.719186487379748,0.9235148504900518
572,572,0.0451271729007343,0.07298455179085168,0.640463890334634,2.720244033987538,0.9240467686858148
573,573,0.0450459068981266,0.07287129711061759,0.6403405436552898,2.7213000148805038,0.9245776866293876
574,574,0.0449649003294907,0.0727583933745011,0.6402174208965616,2.7223544350604447,0.9251076077756529
575,575,0.0448841519956574,0.07264583895381126,0.6400945213161101,2.7234072995048177,0.9256365355621582
576,576,0.0448036607047699,0.07253363222991968,0.6399718441751964,2.7244586131668975,0.9261644734092289
577,577,0.0447234252722053,0.07242177159418285,0.6398493887386577,2.7255083809759335,0.9266914247200817
578,578,0.0446434445205271,0.07231025544786537,0.6397271542748856,2.7265566078373067,0.9272173928809366
579,579,0.0445637172794187,0.0721990822020637,0.6396051400558024,2.7276032986326846,0.9277423812611283
580,580,0.0444842423856717,0.0720882502776307,0.6394833453568392,2.728648458220175,0.9282663932132159
581,581,0.0444050186830842,0.07197775810510094,0.6393617694569131,2.7296920914344778,0.9287894320730931
582,582,0.0443260450224236,0.07186760412461653,0.6392404116384056,2.730734203087038,0.9293115011600959
583,583,0.0442473202613857,0.07175778678585375,0.6391192711871401,2.7317747979661937,0.9298326037771109
584,584,0.0441688432645413,0.07164830454795032,0.6389983473923598,2.7328138808373272,0.9303527432106817
585,585,0.0440906129032716,0.0715391558794333,0.638877639546707,2.733851456443011,0.9308719227311152
586,586,0.0440126280557367,0.07143033925814776,0.6387571469462006,2.7348875295031543,0.931390145592586
587,587,0.0439348876067869,0.07132185317118594,0.6386368688902158,2.735922104715149,0.9319074150332415
588,588,0.0438573904479474,0.07121369611481718,0.6385168046814618,2.736955186754014,0.9324237342753046
589,589,0.0437801354773722,0.07110586659441835,0.6383969536259619,2.7379867802725375,0.9329391065251764
590,590,0.0437031215997914,0.0709983631244052,0.6382773150330318,2.739016889901419,0.9334535349735384
591,591,0.0436263477264186,0.07089118422816391,0.6381578882152598,2.7400455202494105,0.9339670227954532
592,592,0.0435498127749766,0.07078432843798366,0.6380386724884853,2.7410726759034554,0.9344795731504641
593,593,0.043473515669589,0.07067779429498948,0.6379196671717797,2.7420983614288263,0.9349911891826956
594,594,0.0433974553407312,0.07057158034907601,0.6378008715874249,2.743122581369265,0.9355018740209509
595,595,0.043321630725271,0.0704656851588416,0.6376822850608945,2.744145340247115,0.9360116307788101
596,596,0.0432460407662943,0.07036010729152313,0.637563906920833,2.74516664256346,0.9365204625547277
597,597,0.0431706844131592,0.07025484532293141,0.6374457364990366,2.746186492798256,0.937028372432128
598,598,0.0430955606213964,0.07014989783738713,0.6373277731304334,2.7472048954104658,0.9375353634795012
599,599,0.0430206683526922,0.07004526342765739,0.6372100161530645,2.7482218548381887,0.938041438750498
600,600,0.0429460065748128,0.06994094069489279,0.637092464908064,2.7492373754987947,0.9385466012840233
601,601,0.0428715742616219,0.06983692824856515,0.6369751187396403,2.750251461789051,0.9390508541043303
602,602,0.04279737039292,0.06973322470640562,0.6368579769950574,2.751264118085254,0.939554200221112
603,603,0.0427233939545484,0.0696298286943436,0.6367410390246153,2.752275348743354,0.9400566426295938
604,604,0.042649643938259,0.06952673884644588,0.6366243041816324,2.753285158099086,0.9405581843106241
605,605,0.042576119341609,0.06942395380485662,0.636507771822426,2.7542935504680908,0.9410588282307653
606,606,0.0425028191681172,0.0693214722197377,0.6363914413062944,2.755300530146045,0.9415585773423828
607,607,0.0424297424270011,0.06921929274920956,0.6362753119954988,2.7563061014087804,0.9420574345837346
608,608,0.0423568881332409,0.06911741405929271,0.6361593832552447,2.7573102685124105,0.9425554028790593
609,609,0.0422842553075875,0.06901583482384971,0.6360436544536645,2.75831303569345,0.9430524851386635
610,610,0.0422118429763587,0.0689145537245275,0.6359281249617993,2.7593144071689375,0.9435486842590094
611,611,0.0421396501716794,0.06881356945070047,0.6358127941535813,2.7603143871365545,0.9440440031228006
612,612,0.0420676759310627,0.06871288069941392,0.6356976614058161,2.761312979774745,0.9445384445990678
613,613,0.041995919297637,0.06861248617532795,0.6355827260981655,2.7623101892428346,0.9450320115432538
614,614,0.0419243793201446,0.06851238459066197,0.6354679876131306,2.763306019681146,0.9455247067972978
615,615,0.0418530550527221,0.06841257466513968,0.6353534453360334,2.764300475211118,0.9460165331897192
616,616,0.0417819455548088,0.06831305512593437,0.6352390986550012,2.7652935599354183,0.9465074935357003
617,617,0.0417110498914602,0.06821382470761489,0.6351249469609485,2.76628527793806,0.9469975906371689
618,618,0.041640367132974,0.06811488215209205,0.6350109896475611,2.767275633284515,0.9474868272828803
619,619,0.0415698963549498,0.06801622620856532,0.6348972261112792,2.7682646300218274,0.9479752062484977
620,620,0.0414996366382763,0.06791785563347029,0.6347836557512805,2.769252272178724,0.9484627302966736
621,621,0.0414295870691047,0.06781976919042629,0.6346702779694642,2.7702385637657265,0.9489494021771291
622,622,0.0413597467388072,0.06772196565018464,0.6345570921704348,2.771223508775263,0.9494352246267335
623,623,0.0412901147438346,0.06762444379057729,0.6344440977614852,2.772207111181775,0.9499202003695827
624,624,0.0412206901858635,0.06752720239646595,0.6343312941525818,2.773189374941829,0.9504043321170776
625,625,0.0411514721715955,0.06743024025969153,0.6342186807563477,2.7741703039942216,0.9508876225680016
626,626,0.0410824598128617,0.06733355617902421,0.6341062569880471,2.7751499022600883,0.9513700744085974
627,627,0.0410136522264438,0.06723714896011378,0.63399402226557,2.7761281736430092,0.9518516903126433
628,628,0.0409450485341354,0.06714101741544042,0.6338819760094162,2.777105122029115,0.9523324729415289
629,629,0.04087664786269,0.06704516036426601,0.6337701176426798,2.77808075128719,0.9528124249443308
630,630,0.040808449343776,0.0669495766325858,0.6336584465910341,2.779055065268778,0.9532915489578869
631,631,0.0407404521139415,0.06685426505308038,0.6335469622827166,2.780028067808284,0.9537698476068702
632,632,0.0406726553145846,0.0667592244650683,0.6334356641485132,2.7809997627230776,0.9542473235038628
633,633,0.0406050580919041,0.06666445371445878,0.633324551621744,2.7819701538135932,0.9547239792494285
634,634,0.0405376595968599,0.0665699516537052,0.6332136241382477,2.782939244863432,0.9551998174321858
635,635,0.0404704589852804,0.0664757171417586,0.6331028811363673,2.783907039639461,0.9556748406288791
636,636,0.0404034554175449,0.06638174904402187,0.632992322056935,2.7848735418919137,0.9561490514044505
637,637,0.0403366480587934,0.06628804623230415,0.6328819463432582,2.785838755354487,0.9566224523121105
638,638,0.0402700360788291,0.06619460758477573,0.6327717534411048,2.7868026837444395,0.9570950458934083
639,639,0.040203618652055,0.06610143198592325,0.6326617427986884,2.78776533076269,0.9575668346783017
640,640,0.0401373949574365,0.06600851832650528,0.6325519138666543,2.7887267000939113,0.9580378211852262
641,641,0.0400713641785348,0.06591586550350839,0.632442266098066,2.7896867954066287,0.9585080079211639
642,642,0.0400055255034078,0.06582347242010339,0.6323327989483902,2.7906456203533123,0.9589773973817115
643,643,0.0399398781245757,0.06573133798560214,0.6322235118754836,2.7916031785704734,0.9594459920511484
644,644,0.0398744212391017,0.0656394611154146,0.6321144043395784,2.7925594736787565,0.9599137944025038
645,645,0.0398091540484063,0.06554784073100625,0.632005475803269,2.793514509283033,0.9603808068976233
646,646,0.039744075758316,0.0654564757598559,0.6318967257314985,2.794468288972493,0.9608470319872354
647,647,0.0396791855790716,0.06536536513541387,0.6317881535915443,2.7954208163207377,0.9613124721110172
648,648,0.0396144827251976,0.06527450779706043,0.6316797588530058,2.7963720948858684,0.9617771296976596
649,649,0.0395499664155797,0.06518390269006472,0.6315715409877902,2.797322128210578,0.9622410071649323
650,650,0.0394856358733408,0.06509354876554384,0.6314634994700998,2.798270919822241,0.9627041069197481
651,651,0.0394214903258746,0.06500344498042246,0.6313556337764185,2.7992184732330014,0.9631664313582264
652,652,0.0393575290047781,0.06491359029739265,0.6312479433854985,2.800164791939861,0.9636279828657576
653,653,0.0392937511458857,0.06482398368487406,0.6311404277783478,2.801109879424767,0.9640887638170648
654,654,0.0392301559891239,0.06473462411697448,0.6310330864382173,2.8020537391546996,0.9645487765762671
655,655,0.0391667427786786,0.06464551057345061,0.6309259188505878,2.802996374581757,0.9650080234969418
656,656,0.039103510762723,0.06455664203966936,0.6308189245031572,2.8039377891432427,0.9654665069221853
657,657,0.0390404591935198,0.0644680175065692,0.6307121028858284,2.804877986261749,0.9659242291846746
658,658,0.0389775873274897,0.06437963597062209,0.6306054534906961,2.8058169693452433,0.9663811926067283
659,659,0.0389148944249428,0.0642914964337955,0.6304989758120346,2.8067547417871497,0.9668373995003664
660,660,0.0388523797502777,0.06420359790351492,0.630392669346286,2.807691306966434,0.9672928521673705
661,661,0.0387900425719053,0.06411593939262657,0.6302865335920471,2.808626668247686,0.967747552899343
662,662,0.0387278821620163,0.06402851991936041,0.6301805680500577,2.8095608289812004,0.9682015039777662
663,663,0.038665897796893,0.0639413385072936,0.6300747722231888,2.8104937925030598,0.9686547076740607
664,664,0.0386040887566419,0.06385439418531398,0.6299691456164297,2.8114255621352147,0.969107166249644
665,665,0.0385424543252033,0.06376768598758417,0.6298636877368771,2.8123561411855644,0.9695588819559875
666,666,0.0384809937904281,0.0636812129535057,0.6297583980937226,2.8132855329480364,0.9700098570346745
667,667,0.0384197064439292,0.06359497412768358,0.6296532761982409,2.814213740702665,0.9704600937174566
668,668,0.0383585915811087,0.06350896855989112,0.6295483215637787,2.8151407677156706,0.9709095942263106
669,669,0.0382976485011545,0.06342319530503501,0.6294435337057428,2.816066617239538,0.9713583607734946
670,670,0.0382368765070218,0.0633376534231207,0.6293389121415884,2.816991292513093,0.9718063955616032
671,671,0.0381762749053366,0.0632523419792181,0.6292344563908081,2.8179147967615803,0.9722537007836234
672,672,0.0381158430064186,0.06316726004342745,0.6291301659749198,2.8188371331967392,0.9727002786229892
673,673,0.0380555801242931,0.06308240669084561,0.6290260404174568,2.8197583050168795,0.9731461312536365
674,674,0.0379954855765743,0.06299778100153247,0.6289220792439549,2.8206783154069575,0.9735912608400564
675,675,0.0379355586845132,0.0629133820604778,0.6288182819819428,2.8215971675386493,0.97403566953735
676,676,0.0378757987729778,0.06282920895756813,0.6287146481609298,2.8225148645704277,0.9744793594912812
677,677,0.0378162051706776,0.0627452607875542,0.6286111773123959,2.823431409647633,0.9749223328383299
678,678,0.0377567772089858,0.06266153665001839,0.6285078689697796,2.8243468059025476,0.9753645917057443
679,679,0.0376975142236641,0.06257803564934257,0.6284047226684695,2.82526105645447,0.9758061382115939
680,680,0.0376384155537579,0.06249475689467614,0.6283017379457915,2.826174164409784,0.9762469744648207
681,681,0.0375794805417525,0.062411699499904404,0.628198914340998,2.827086132862033,0.9766871025652909
682,682,0.0375207085334887,0.06232886258361708,0.6280962513952586,2.8279969648919905,0.9771265246038465
683,683,0.0374620988783821,0.06224624526907716,0.6279937486516487,2.82890666356773,0.9775652426623556
684,684,0.0374036509292026,0.062163846684189956,0.6278914056551395,2.8298152319446968,0.978003258813763
685,685,0.0373453640420913,0.06208166596147243,0.627789221952587,2.8307226730657757,0.9784405751221409
686,686,0.0372872375765519,0.06199970223802273,0.6276871970927228,2.831628989961362,0.9788771936427375
687,687,0.0372292708954946,0.061917954655490014,0.6275853306261426,2.8325341856494295,0.9793131164220277
688,688,0.0371714633650723,0.06183642236004449,0.6274836221052971,2.8334382631355988,0.9797483454977612
689,689,0.0371138143547852,0.06175510450234765,0.6273820710844812,2.834341225413205,0.9801828828990121
690,690,0.037056323237415,0.06167400023752279,0.6272806771198242,2.8352430754633664,0.9806167306462266
691,691,0.0369989893889381,0.06159310872512583,0.62717943976928,2.836143816255049,0.9810498907512711
692,692,0.0369418121886835,0.061512429129116114,0.6270783585926172,2.8370434507451354,0.9814823652174808
693,693,0.0368847910190644,0.0614319606178278,0.6269774331514087,2.8379419818784886,0.9819141560397059
694,694,0.0368279252658392,0.06135170236394112,0.6268766630090232,2.8388394125880185,0.9823452652043598
695,695,0.0367712143177687,0.06127165354445416,0.6267760477306138,2.8397357457947483,0.9827756946894651
696,696,0.0367146575669183,0.0611918133406546,0.62667558688311,2.840630984407877,0.9832054464647004
697,697,0.0366582544083955,0.06111218093809193,0.6265752800352071,2.841525131324844,0.9836345224914463
698,698,0.0366020042404791,0.06103275552654967,0.6264751267573572,2.842418189431395,0.9840629247228314
699,699,0.0365459064644846,0.0609535363000179,0.6263751266217593,2.8433101616016416,0.9844906551037776
700,700,0.036489960484864,0.06087452245666603,0.6262752792023506,2.844201050698128,0.9849177155710455
701,701,0.0364341657090955,0.06079571319881571,0.6261755840747966,2.8450908595718905,0.9853441080532788
702,702,0.0363785215476853,0.060717107732914034,0.6260760408164819,2.8459795910625214,0.9857698344710496
703,703,0.036323027414179,0.060638705269506835,0.6259766490065017,2.8468672479982304,0.9861948967369022
704,704,0.0362676827250704,0.060560505023212335,0.6258774082256517,2.8477538331959042,0.9866192967553972
705,705,0.0362124868998791,0.06048250621269487,0.6257783180564197,2.8486393494611697,0.987043036423155
706,706,0.0361574393610904,0.06040470806063884,0.6256793780829765,2.849523799588453,0.9874661176288999
707,707,0.0361025395340985,0.060327109793722994,0.6255805878911664,2.8504071863610383,0.987888542253502
708,708,0.0360477868472271,0.060249710642594684,0.6254819470684995,2.851289512551131,0.988310312170021
709,709,0.0359931807316911,0.06017250984184452,0.6253834552041415,2.8521707809199124,0.9887314292437483
710,710,0.0359387206216752,0.060095506629981095,0.6252851118889058,2.8530509942176026,0.9891518953322495
711,711,0.0358844059540869,0.06001870024940599,0.6251869167152447,2.8539301551835154,0.9895717122854055
712,712,0.0358302361687957,0.059942089946388874,0.6250888692772405,2.854808266546119,0.9899908819454556
713,713,0.0357762107084627,0.05986567497104291,0.6249909691705969,2.855685331023093,0.9904094061470375
714,714,0.0357223290185652,0.05978945457730023,0.6248932159926308,2.8565613513213837,0.9908272867172294
715,715,0.0356685905473379,0.05971342802288767,0.6247956093422635,2.857436330137263,0.9912445254755902
716,716,0.0356149947459299,0.059637594569302725,0.6246981488200125,2.858310270156385,0.9916611242342002
717,717,0.0355615410680331,0.05956195348178957,0.6246008340279829,2.859183174053841,0.9920770847977015
718,718,0.0355082289703191,0.05948650402931535,0.6245036645698591,2.8600550444942145,0.9924924089633382
719,719,0.0354550579119636,0.059411245484546654,0.6244066400508965,2.860925884131639,0.9929070985209958
720,720,0.0354020273550384,0.059336177123826106,0.6243097600779139,2.8617956956098514,0.9933211552532407
721,721,0.0353491367642111,0.0592612982271492,0.6242130242592846,2.8626644815622466,0.9937345809353597
722,722,0.0352963856068131,0.05918660807814128,0.6241164322049284,2.8635322446119322,0.9941473773353988
723,723,0.0352437733528838,0.05911210596403464,0.6240199835263037,2.8643989873717826,0.994559546214202
724,724,0.0351912994751182,0.05903779117564595,0.6239236778363998,2.865264712444491,0.9949710893254494
725,725,0.0351389634487484,0.058963663007353666,0.6238275147497283,2.8661294224226257,0.9953820084156961
726,726,0.0350867647516836,0.058889720757075714,0.6237314938823159,2.8669931198886793,0.9957923052244095
727,727,0.0350347028644984,0.058815963726247394,0.6236356148516959,2.867855807415124,0.9962019814840072
728,728,0.0349827772701595,0.05874239121979927,0.623539877276901,2.8687174875644628,0.9966110389198946
729,729,0.0349309874543564,0.058669002546135406,0.623444280778455,2.8695781628892805,0.9970194792505018
730,730,0.0348793329052724,0.058595797017111706,0.6233488249783659,2.8704378359322966,0.9974273041873211
731,731,0.0348278131135995,0.05852277394801436,0.6232535095001167,2.8712965092264158,0.997834515434943
732,732,0.034776427572613,0.05844993265753853,0.62315833396866,2.8721541852947783,0.9982411146910932
733,733,0.0347251757779536,0.058377272467767125,0.6230632980104088,2.8730108666508114,0.9986471036466689
734,734,0.0346740572279091,0.05830479270414982,0.6229684012532294,2.873866555798279,0.9990524839857742
735,735,0.0346230714231291,0.05823249269548214,0.6228736433264341,2.8747212552313317,0.9994572573857564
736,736,0.0345722178667569,0.058160371773884764,0.6227790238607739,2.875574967434556,0.9998614255172416
737,737,0.0345214960643655,0.05808842927478294,0.6226845424884306,2.8764276948830227,1.0002649900441696
738,738,0.0344709055239899,0.058016664536886114,0.6225901988430104,2.8772794400423383,1.0006679526238291
739,739,0.0344204457559911,0.05794507690216759,0.6224959925595358,2.878130205368691,1.001070314906893
740,740,0.0343701162731772,0.057873665715844486,0.6224019232744388,2.8789799933089,1.001472078537452
741,741,0.034319916590789,0.057802430326357776,0.6223079906255534,2.879828806300464,1.0018732451530505
742,742,0.0342698462263137,0.057731370085352424,0.622214194252109,2.8806766467716076,1.0022738163847194
743,743,0.0342199046996942,0.057660484347657734,0.6221205337947229,2.8815235171413294,1.0026737938570103
744,744,0.0341700915331523,0.05758977247126782,0.6220270088953933,2.8823694198194487,1.00307317918803
745,745,0.0341204062512655,0.05751923381732227,0.6219336191974926,2.8832143572066524,1.0034719739894737
746,746,0.0340708483808926,0.057448867750086806,0.62184036434576,2.884058331694542,1.0038701798666576
747,747,0.0340214174512034,0.05737867363693432,0.6217472439862949,2.8849013456656785,1.0042677984185528
748,748,0.0339721129936767,0.057308650848325794,0.6216542577665499,2.885743401493629,1.0046648312378181
749,749,0.0339229345420463,0.057238798757791524,0.6215614053353246,2.8865845015430125,1.0050612799108323
750,750,0.0338738816322232,0.057169116741912475,0.6214686863427574,2.887424648169544,1.0054571460177266
751,751,0.0338249538024648,0.057099604180301675,0.6213761004403203,2.8882638437200807,1.0058524311324175
752,752,0.0337761505932051,0.05703026045558583,0.6212836472808113,2.8891020905326665,1.0062471368226382
753,753,0.0337274715470934,0.05696108495338706,0.6211913265183483,2.889939390936576,1.0066412646499707
754,754,0.0336789162090043,0.05689207706230474,0.6210991378083617,2.8907757472523583,1.0070348161698774
755,755,0.0336304841259738,0.05682323617389745,0.6210070808075887,2.891611161791882,1.0074277929317328
756,756,0.0335821748472098,0.05675456168266518,0.6209151551740664,2.892445636858377,1.007820196478854
757,757,0.0335339879241179,0.05668605298603152,0.6208233605671252,2.8932791747464806,1.008212028348533
758,758,0.0334859229102179,0.056617709484326,0.6207316966473825,2.894111777742277,1.0086032900720658
759,759,0.033437979361178,0.05654953058076669,0.6206401630767363,2.894943448123342,1.008993983174785
760,760,0.033390156834741,0.05648151568144274,0.620548759518359,2.8957741881587866,1.0093841091760885
761,761,0.0333424548909072,0.0564136641952972,0.6204574856366905,2.896604000109297,1.009773669589471
762,762,0.0332948730916003,0.05634597553410983,0.6203663410974326,2.8974328862271777,1.0101626659225535
763,763,0.0332474110009219,0.05627844911248019,0.6202753255675425,2.8982608487563923,1.0105510996771134
764,764,0.0332000681850525,0.056211084347810664,0.6201844387152262,2.899087889932607,1.0109389723491138
765,765,0.0331528442121905,0.0561438806602898,0.620093680209933,2.8999140119832285,1.0113262854287333
766,766,0.0331057386526069,0.056076837472875604,0.620003049722349,2.9007392171274486,1.0117130404003958
767,767,0.033058751078607,0.05600995421127906,0.6199125469243909,2.901563507576282,1.0120992387427985
768,768,0.0330118810645047,0.05594323030394772,0.6198221714892,2.902386885532607,1.0124848819289423
769,769,0.0329651281867003,0.05587666518204943,0.6197319230911368,2.9032093531912087,1.0128699714261589
770,770,0.0329184920234979,0.05581025827945616,0.6196418014057737,2.9040309127388144,1.0132545086961409
771,771,0.0328719721552428,0.05574400903272797,0.6195518061098906,2.9048515663541368,1.0136384951949695
772,772,0.0328255681642375,0.055677916881097016,0.6194619368814676,2.9056713162079113,1.0140219323731428
773,773,0.0327792796347969,0.05561198126645184,0.6193721933996799,2.9064901644629364,1.0144048216756036
774,774,0.0327331061531122,0.05554620163332154,0.6192825753448921,2.9073081132741123,1.014787164541768
775,775,0.032687047307399,0.05548057742886023,0.6191930823986518,2.908125164788479,1.0151689624055529
776,776,0.0326411026877454,0.05541510810283156,0.619103714243684,2.9089413211452553,1.0155502166954027
777,777,0.0325952718861865,0.05534979310759334,0.6190144705638863,2.9097565844758777,1.0159309288343177
778,778,0.0325495544966762,0.05528463189808221,0.6189253510443212,2.9105709569040368,1.016311100239881
779,779,0.0325039501150737,0.055219623931798564,0.6188363553712126,2.9113844405457163,1.0166907323242855
780,780,0.0324584583390795,0.05515476866879141,0.6187474832319388,2.91219703750923,1.0170698264943605
781,781,0.0324130787683275,0.05509006557164351,0.6186587343150273,2.9130087498952593,1.0174483841515989
782,782,0.0323678110042328,0.055025514105456454,0.6185701083101492,2.91381957979689,1.0178264066921834
783,783,0.0323226546501809,0.05496111373783595,0.6184816049081139,2.91462952929965,1.0182038955070127
784,784,0.032277609311195,0.05489686393887723,0.6183932238008637,2.9154386004815445,1.0185808519817285
785,785,0.0322326745945262,0.054832764181150434,0.6183049646814672,2.9162467954130933,1.0189572774967408
786,786,0.0321878501088916,0.054768813939686245,0.6182168272441154,2.917054116157367,1.019333173427254
787,787,0.032143135464921,0.05470501269196154,0.6181288111841152,2.917860564770023,1.0197085411432925
788,788,0.0320985302750633,0.054641359917885116,0.6180409161978849,2.91866614329934,1.0200833820097268
789,789,0.0320540341535721,0.054577855099783634,0.6179531419829479,2.9194708537862555,1.0204576973862984
790,790,0.0320096467164627,0.054514497722387534,0.6178654882379283,2.9202746982644,1.0208314886276453
791,791,0.0319653675814785,0.0544512872728171,0.6177779546625453,2.921077678760132,1.021204757083327
792,792,0.0319211963682243,0.05438822324056864,0.6176905409576074,2.921879797292573,1.0215775040978494
793,793,0.0318771326979689,0.05432530511750073,0.6176032468250084,2.9226810558736425,1.02194973101069
794,794,0.0318331761938008,0.05426253239782055,0.6175160719677212,2.9234814565080924,1.022321439156322
795,795,0.031789326480461,0.05419990457807038,0.6174290160897926,2.9242810011935405,1.0226926298642394
796,796,0.031745583184455,0.054137421157114105,0.6173420788963394,2.925079691920506,1.0230633044589807
797,797,0.0317019459339769,0.05407508163612385,0.6172552600935417,2.925877530672442,1.0234334642601537
798,798,0.0316584143589715,0.05401288551856669,0.6171685593886389,2.926674519425769,1.0238031105824592
799,799,0.0316149880909988,0.053950832310191515,0.6170819764899247,2.92747066014991,1.0241722447357153
800,800,0.0315716667633828,0.053888921519015885,0.6169955111067412,2.928265954807322,1.0245408680248809
801,801,0.0315284500110411,0.05382715265531307,0.6169091629494751,2.9290604053535314,1.024908981750079
802,802,0.0314853374706525,0.0537655252315991,0.6168229317295519,2.9298540137371627,1.0252765872066207
803,803,0.0314423287804476,0.05370403876261998,0.6167368171594313,2.9306467818999753,1.0256436856850288
804,804,0.0313994235804067,0.05364269276533892,0.6166508189526025,2.9314387117768943,1.0260102784710603
805,805,0.0313566215120085,0.053581486758923706,0.6165649368235787,2.9322298052960423,1.0263763668457297
806,806,0.0313139222184811,0.053520420264734116,0.6164791704878934,2.9330200643787716,1.0267419520853323
807,807,0.031271325344647,0.05345949280630947,0.6163935196620943,2.933809490939698,1.0271070354614664
808,808,0.031228830536875,0.05339870390935623,0.6163079840637397,2.934598086886729,1.0274716182410568
809,809,0.0311864374431931,0.05333805310173567,0.6162225634113928,2.9353858541210993,1.0278357016863764
810,810,0.0311441457132296,0.05327753991345169,0.6161372574246178,2.9361727945373985,1.0281992870550691
811,811,0.0311019549981265,0.05321716387663865,0.6160520658239746,2.936958910023605,1.028562375600172
812,812,0.0310598649506503,0.05315692452554931,0.6159669883310146,2.937744202461115,1.0289249685701376
813,813,0.0310178752251321,0.05309682139654288,0.6158820246682754,2.938528673724774,1.0292870672088554
814,814,0.0309759854774292,0.05303685402807308,0.6157971745592771,2.9393123256829083,1.0296486727556744
815,815,0.0309341953649689,0.052977021960676385,0.6157124377285174,2.9400951601973544,1.0300097864454243
816,816,0.0308925045467097,0.05291732473696023,0.6156278139014665,2.940877179123489,1.0303704095084372
817,817,0.0308509126831367,0.05285776190159141,0.615543302804563,2.9416583843102595,1.0307305431705691
818,818,0.030809419436244,0.05279833300128445,0.61545890416521,2.942438777600214,1.0310901886532218
819,819,0.0307680244696007,0.05273903758479014,0.6153746177117694,2.9432183608295315,1.0314493471733632
820,820,0.0307267274481504,0.05267987520288412,0.6152904431735582,2.94399713582805,1.0318080199435489
821,821,0.0306855280384825,0.05262084540835552,0.6152063802808445,2.9447751044192976,1.0321662081719434
822,822,0.0306444259085732,0.052561947755995674,0.6151224287648418,2.9455522684205198,1.0325239130623403
823,823,0.0306034207278942,0.052503181802586965,0.6150385883577061,2.9463286296427103,1.0328811358141836
824,824,0.0305625121674738,0.05244454710689167,0.6149548587925303,2.9471041898906387,1.0332378776225883
825,825,0.0305216998996264,0.05238604322964095,0.6148712398033411,2.94787895096288,1.0335941396783603
826,826,0.0304809835983083,0.05232766973352388,0.6147877311250936,2.9486529146518428,1.0339499231680174
827,827,0.0304403629387651,0.0522694261831765,0.6147043324936673,2.9494260827437966,1.0343052292738093
828,828,0.0303998375978593,0.05221131214517105,0.6146210436458626,2.9501984570189017,1.0346600591737378
829,829,0.0303594072536865,0.05215332718800523,0.6145378643193957,2.950970039251237,1.035014414041577
830,830,0.0303190715859298,0.05209547088209144,0.6144547942528946,2.9517408312088262,1.035368295046892
831,831,0.0302788302755745,0.05203774279974624,0.6143718331858954,2.952510834653668,1.035721703355061
832,832,0.0302386830050558,0.051980142515179795,0.6142889808588375,2.953280051341762,1.0360746401272924
833,833,0.0301986294582322,0.05192266960448538,0.6142062370130601,2.9540484830231355,1.0364271065206465
834,834,0.0301586693203217,0.05186532364562906,0.6141236013907975,2.954816131441873,1.0367791036880534
835,835,0.0301188022779134,0.05180810421843924,0.6140410737351752,2.9555829983361415,1.0371306327783332
836,836,0.0300790280190492,0.05175101090459651,0.6139586537902063,2.9563490854382173,1.037481694936215
837,837,0.0300393462330358,0.05169404328762337,0.6138763413007868,2.9571143944745146,1.0378322913023554
838,838,0.0299997566106507,0.05163720095287418,0.6137941360126921,2.95787892716561,1.038182423013359
839,839,0.0299602588439105,0.051580483487525024,0.6137120376725728,2.95864268522627,1.0385320912017952
840,840,0.0299208526262862,0.05152389048056379,0.6136300460279505,2.959405670365478,1.0388812969962191
841,841,0.0298815376524878,0.05146742152278018,0.6135481608272143,2.9601678842864585,1.0392300415211886
842,842,0.0298423136186402,0.05141107620675586,0.6134663818196168,2.960929328686705,1.0395783258972835
843,843,0.0298031802221969,0.05135485412685472,0.6133847087552697,2.9616900052580055,1.0399261512411244
844,844,0.0297641371618216,0.05129875487921302,0.6133031413851409,2.9624499156864674,1.0402735186653902
845,845,0.0297251841376711,0.05124277806172986,0.6132216794610492,2.963209061652544,1.0406204292788368
846,846,0.0296863208509839,0.051186923274057466,0.6131403227356623,2.963967444831059,1.0409668841863156
847,847,0.0296475470044862,0.0511311901175917,0.6130590709624913,2.9647250668912326,1.0413128844887904
848,848,0.029608862302102,0.05107557819546256,0.6129779238958878,2.9654819294967063,1.041658431283357
849,849,0.0295702664490385,0.05102008711252476,0.6128968812910399,2.9662380343055683,1.0420035256632594
850,850,0.0295317591518346,0.05096471647534838,0.6128159429039687,2.966993382970378,1.0423481687179084
851,851,0.0294933401182235,0.05090946589220954,0.6127351084915241,2.967747977138191,1.042692361532899
852,852,0.0294550090572771,0.05085433497308123,0.6126543778113817,2.9685018184505827,1.0430361051900279
853,853,0.0294167656792577,0.050799323329624016,0.6125737506220383,2.969254908543675,1.0433794007673114
854,854,0.0293786096957069,0.050744430575177066,0.6124932266828093,2.970007249048157,1.0437222493390022
855,855,0.0293405408193817,0.05068965632474897,0.6124128057538237,2.970758841589314,1.0440646519756063
856,856,0.0293025587643496,0.05063500019500879,0.6123324875960222,2.9715096877870466,1.0444066097439009
857,857,0.0292646632458147,0.050580461804277124,0.6122522719711516,2.972259789255898,1.0447481237069514
858,858,0.0292268539802994,0.050526040772517225,0.6121721586417631,2.9730091476050773,1.0450891949241274
859,859,0.0291891306854558,0.05047173672132613,0.6120921473712074,2.973757764438481,1.0454298244511209
860,860,0.0291514930801598,0.050417549273925936,0.6120122379236318,2.9745056413547193,1.045770013339962
861,861,0.0291139408845383,0.05036347805515506,0.6119324300639766,2.9752527799471378,1.0461097626390357
862,862,0.0290764738198375,0.05030952269145961,0.611852723557971,2.975999181803841,1.0464490733930991
863,863,0.0290390916086132,0.05025568281088474,0.6117731181721309,2.9767448485077166,1.0467879466432972
864,864,0.0290017939745215,0.05020195804306614,0.611693613673754,2.9774897816364563,1.0471263834271793
865,865,0.0289645806423753,0.05014834801922152,0.6116142098309173,2.9782339827625806,1.0474643847787162
866,866,0.0289274513382178,0.050094852372142194,0.6115349064124733,2.9789774534534605,1.0478019517283146
867,867,0.0288904057892165,0.050041470736184666,0.6114557031880465,2.979720195271341,1.0481390853028352
868,868,0.028853443723731,0.049988202747262324,0.6113765999280305,2.9804622097733624,1.0484757865256076
869,869,0.0288165648712737,0.049935048042837174,0.6112975964035839,2.981203498511584,1.048812056416446
870,870,0.028779768962483,0.04988200626191155,0.6112186923866276,2.981944063033005,1.0491478959916658
871,871,0.0287430557291426,0.04982907704502003,0.6111398876498411,2.982683904879588,1.049483306264099
872,872,0.0287064249041543,0.04977626003422124,0.6110611819666593,2.98342302558828,1.0498182882431095
873,873,0.0286698762215958,0.04972355487308986,0.6109825751112687,2.984161426691035,1.0501528429346096
874,874,0.028633409416637,0.04967096120670854,0.6109040668586057,2.984899109714834,1.0504869713410745
875,875,0.028597024225534,0.049618478681659944,0.6108256569843511,2.98563607618171,1.050820674461558
876,876,0.0285607203857898,0.04956610694601887,0.6107473452649285,2.9863723276087657,1.0511539532917082
877,877,0.0285244976358275,0.04951384564934434,0.6106691314775002,2.9871078655081984,1.0514868088237825
878,878,0.0284883557152951,0.04946169444267185,0.6105910153999649,2.9878426913873186,1.0518192420466623
879,879,0.0284522943648649,0.049409652978505504,0.6105129968109534,2.9885768067485725,1.0521512539458686
880,880,0.0284163133263667,0.04935772091081038,0.6104350754898261,2.989310213089563,1.052482845503577
881,881,0.0283804123426618,0.049305897895004815,0.6103572512166696,2.99004291190307,1.0528140176986323
882,882,0.0283445911576842,0.04925418358795282,0.6102795237722939,2.990774904677072,1.0531447715065632
883,883,0.0283088495165204,0.04920257764795646,0.6102018929382288,2.991506192894766,1.0534751078995976
884,884,0.0282731871652124,0.049151079734748374,0.610124358496721,2.99223677803459,1.0538050278466768
885,885,0.0282376038509005,0.04909968950948426,0.6100469202307311,2.992966661570241,1.05413453231347
886,886,0.0282020993218543,0.049048406634735475,0.6099695779239304,2.9936958449706954,1.0544636222623893
887,887,0.0281666733272856,0.04899723077448161,0.6098923313606978,2.994424329700233,1.0547922986526035
888,888,0.0281313256175082,0.04894616159410321,0.6098151803261169,2.9951521172184523,1.0551205624400526
889,889,0.0280960559438522,0.0488951987603744,0.6097381246059729,2.995879208980294,1.0554484145774625
890,890,0.0280608640587164,0.04884434194145574,0.6096611639867495,2.9966056064360593,1.0557758560143586
891,891,0.0280257497154988,0.048793590806886916,0.609584298255626,2.997331311031431,1.0561028876970804
892,892,0.0279907126685951,0.04874294502757965,0.6095075272004743,2.9980563242074907,1.0564295105687949
893,893,0.0279557526735137,0.04869240427581057,0.6094308506098559,2.998780647400742,1.056755725569511
894,894,0.027920869486667,0.04864196822521414,0.6093542682730193,2.999504282043127,1.0570815336360937
895,895,0.0278860628654932,0.04859163655077563,0.6092777799798964,3.000227229562048,1.0574069357022766
896,896,0.027851332568529,0.04854140892882415,0.6092013855211,3.0009494913803842,1.0577319326986774
897,897,0.0278166783551776,0.04849128503702569,0.6091250846879209,3.0016710689165143,1.0580565255528098
898,898,0.0277820999859366,0.04844126455437624,0.6090488772723252,3.002391963584332,1.0583807151890985
899,899,0.0277475972222231,0.048391347161194934,0.6089727630669504,3.0031121767932683,1.058704502528892
900,900,0.0277131698264688,0.04834153253911723,0.6088967418651041,3.0038317099483076,1.0590278884904756
901,901,0.0276788175620805,0.04829182037108817,0.6088208134607601,3.004550564450009,1.059350873989086
902,902,0.0276445401934061,0.04824221034135562,0.608744977648556,3.005268741694523,1.0596734599369235
903,903,0.0276103374858296,0.048192702135463596,0.6086692342237898,3.0059862430736115,1.0599956472431655
904,904,0.027576209205624,0.048143295440245634,0.6085935829824182,3.006703069974665,1.0603174368139796
905,905,0.027542155120054,0.048093989943818166,0.6085180237210526,3.0074192237807225,1.060638829552537
906,906,0.0275081749973614,0.048044785335573985,0.608442556236957,3.0081347058704884,1.0609598263590254
907,907,0.0274742686066425,0.04799568130617567,0.6083671803280455,3.0088495176183523,1.0612804281306614
908,908,0.0274404357180143,0.04794667754754918,0.6082918957928788,3.0095636603944054,1.0616006357617038
909,909,0.0274066761025907,0.04789777375287734,0.6082167024306621,3.01027713556446,1.0619204501434667
910,910,0.0273729895322716,0.047848969616593476,0.608141600041242,3.010989944490066,1.0622398721643316
911,911,0.0273393757799466,0.04780026483437504,0.6080665884251041,3.0117020885285304,1.06255890270976
912,912,0.0273058346194812,0.047751659103137306,0.6079916673833703,3.0124135690329337,1.0628775426623067
913,913,0.0272723658256084,0.04770315212102702,0.6079168367177957,3.013124387352148,1.0631957929016318
914,914,0.0272389691739797,0.04765474358741623,0.6078420962307667,3.013834544830855,1.0635136543045134
915,915,0.0272056444411903,0.04760643320289605,0.6077674457252975,3.014544042809562,1.0638311277448596
916,916,0.0271723914046986,0.04755822066927043,0.607692885005028,3.015252882624622,1.0641482140937208
917,917,0.0271392098428535,0.04751010568955011,0.6076184138742214,3.015961065608248,1.064464914219303
918,918,0.027106099534984,0.04746208796794647,0.6075440321377611,3.016668593088532,1.0647812289869787
919,919,0.0270730602611975,0.04741416720986545,0.6074697396011479,3.017375466389462,1.0650971592592995
920,920,0.0270400918025591,0.04736634312190162,0.6073955360704987,3.0180816868309384,1.0654127058960081
921,921,0.0270071939409986,0.04731861541183205,0.6073214213525422,3.0187872557287903,1.0657278697540509
922,922,0.0269743664593654,0.04727098378861048,0.6072473952546177,3.0194921743947947,1.066042651687589
923,923,0.0269416091412821,0.04722344796236133,0.6071734575846721,3.020196444136691,1.0663570525480104
924,924,0.0269089217713713,0.04717600764437388,0.6070996081512573,3.0209000662581977,1.0666710731839422
925,925,0.0268763041349943,0.04712866254709637,0.6070258467635274,3.0216030420590316,1.0669847144412619
926,926,0.0268437560184695,0.047081412384130224,0.6069521732312375,3.022305372834921,1.067297977163109
927,927,0.026811277208905,0.047034256870224236,0.6068785873647393,3.023007059877624,1.0676108621898974
928,928,0.0267788674943167,0.0469871957212689,0.6068050889749802,3.0237081044749443,1.0679233703593258
929,929,0.0267465266635759,0.04694022865429063,0.6067316778734999,3.024408507910748,1.0682355025063903
930,930,0.0267142545063061,0.046893355387446115,0.6066583538724287,3.025108271464978,1.0685472594633951
931,931,0.0266820508130391,0.04684657564001671,0.6065851167844847,3.025807396413673,1.068858642059964
932,932,0.0266499153751743,0.0467998891324028,0.606511966422971,3.02650588402898,1.069169651123052
933,933,0.0266178479848439,0.046753295586118224,0.6064389026017739,3.027203735579174,1.0694802874769564
934,934,0.0265858484351231,0.04670679472378477,0.6063659251353603,3.0279009523286704,1.0697905519433284
935,935,0.0265539165198271,0.04666038626912666,0.6062930338387752,3.028597535538043,1.070100445341183
936,936,0.0265220520336516,0.046614069946965014,0.6062202285276396,3.029293486464038,1.0704099684869117
937,937,0.0264902547720177,0.04656784548321253,0.6061475090181477,3.029988806359592,1.0707191221942922
938,938,0.0264585245312416,0.046521712604867996,0.6060748751270653,3.0306834964738445,1.0710279072745006
939,939,0.0264268611084244,0.04647567104001092,0.6060023266717263,3.0313775580521556,1.071336324536121
940,940,0.0263952643014618,0.04642972051779622,0.6059298634700315,3.0320709923361204,1.0716443747851572
941,941,0.026363733909046,0.04638386076844889,0.605857485340446,3.032763800563585,1.0719520588250435
942,942,0.0263322697307022,0.046338091523258705,0.6057851921019966,3.0334559839686595,1.0722593774566553
943,943,0.0263008715666435,0.04629241251457502,0.6057129835742693,3.0341475437817365,1.0725663314783196
944,944,0.0262695392180292,0.046246823475801516,0.6056408595774081,3.0348384812295035,1.0728729216858257
945,945,0.0262382724866715,0.046201324141391026,0.6055688199321115,3.0355287975349587,1.073179148872436
946,946,0.0262070711751949,0.04615591424684037,0.6054968644596311,3.0362184939174264,1.0734850138288965
947,947,0.0261759350870341,0.04611059352868524,0.6054249929817689,3.0369075715925713,1.0737905173434468
948,948,0.0261448640263996,0.0460653617244951,0.6053532053208752,3.037596031772413,1.0740956602018312
949,949,0.0261138577982263,0.04602021857286812,0.6052815012998463,3.0382838756653405,1.0744004431873087
950,950,0.0260829162082202,0.045975163813426145,0.6052098807421226,3.0389711044761287,1.0747048670806632
951,951,0.0260520390628974,0.045930197186809685,0.6051383434716863,3.0396577194059504,1.075008932660214
952,952,0.026021226169464,0.04588531843467293,0.6050668893130587,3.0403437216523916,1.0753126407018259
953,953,0.0259904773359146,0.04584052729967882,0.6049955180912989,3.0410291124094666,1.0756159919789194
954,954,0.0259597923710213,0.04579582352549412,0.6049242296320008,3.0417138928676315,1.0759189872624808
955,955,0.0259291710842917,0.04575120685678452,0.6048530237612915,3.042398064213799,1.0762216273210723
956,956,0.0258986132858746,0.04570667703920978,0.6047819003058288,3.043081627631352,1.0765239129208415
957,957,0.0258681187868425,0.04566223381941891,0.6047108590927996,3.0437645843001584,1.0768258448255321
958,958,0.02583768739883,0.045617876945045335,0.6046398999499171,3.044446935396584,1.0771274237964936
959,959,0.0258073189343423,0.04557360616470216,0.6045690227054191,3.045128682093507,1.0774286505926907
960,960,0.0257770132064952,0.04552942122797737,0.604498227188066,3.0458098255603328,1.0777295259707134
961,961,0.0257467700292256,0.04548532188542917,0.6044275132271383,3.046490366963006,1.078030050684787
962,962,0.0257165892171121,0.04544130788858122,0.6043568806524349,3.0471703074640257,1.0783302254867815
963,963,0.0256864705855375,0.04539737898991804,0.6042863292942708,3.0478496482224586,1.0786300511262208
964,964,0.0256564139505233,0.04535353494288031,0.6042158589834751,3.0485283903939524,1.0789295283502935
965,965,0.0256264191288307,0.0453097755018603,0.6041454695513889,3.0492065351307494,1.0792286579038612
966,966,0.0255964859379374,0.04526610042219725,0.6040751608298637,3.0498840835817003,1.0795274405294688
967,967,0.0255666141960593,0.045222509460172845,0.6040049326512588,3.0505610368922773,1.0798258769673537
968,968,0.0255368037219834,0.04517900237300665,0.6039347848484392,3.051237396204588,1.080123967955455
969,969,0.025507054335386,0.045135578918851615,0.6038647172547745,3.0519131626573865,1.0804217142294235
970,970,0.0254773658564726,0.04509223885678962,0.6037947297041357,3.0525883373860903,1.08071911652263
971,971,0.0254477381062251,0.04504898194682695,0.6037248220308942,3.0532629215227898,1.0810161755661754
972,972,0.0254181709062733,0.04500580794988995,0.6036549940699192,3.0539369161962644,1.0813128920888995
973,973,0.0253886640789979,0.04496271662782057,0.603585245656576,3.054610322531993,1.0816092668173907
974,974,0.0253592174473818,0.044919707743371985,0.6035155766267241,3.055283141652168,1.0819053004759944
975,975,0.0253298308351098,0.04487678106020425,0.603445986816715,3.055955374675709,1.0822009937868227
976,976,0.0253005040665848,0.04483393634287999,0.6033764760633907,3.0566270227182746,1.0824963474697626
977,977,0.0252712369668305,0.04479117335686007,0.603307044204081,3.0572980868922746,1.0827913622424863
978,978,0.0252420293615448,0.04474849186849932,0.6032376910766025,3.057968568306884,1.0830860388204588
979,979,0.0252128810771057,0.044705891645042295,0.6031684165192559,3.058638468068055,1.0833803779169477
980,980,0.0251837919405721,0.044663372454619016,0.6030992203708249,3.0593077872785304,1.0836743802430318
981,981,0.0251547617796223,0.0446209340662408,0.6030301024705733,3.059976527037854,1.0839680465076096
982,982,0.0251257904226558,0.044578576249796026,0.602961062658244,3.0606446884423852,1.0842613774174084
983,983,0.0250968776986271,0.04453629877604605,0.6028921007740569,3.0613122725853104,1.0845543736769931
984,984,0.0250680234372111,0.04449410141662099,0.6028232166587064,3.0619792805566557,1.0848470359887747
985,985,0.0250392274686967,0.044451983944015665,0.6027544101533606,3.0626457134432985,1.0851393650530188
986,986,0.0250104896240325,0.04440994613158549,0.6026856810996587,3.0633115723289803,1.0854313615678544
987,987,0.0249818097348597,0.044367987753542414,0.6026170293397096,3.0639768582943194,1.0857230262292825
988,988,0.0249531876333278,0.04432610858495088,0.6025484547160894,3.064641572416821,1.0860143597311847
989,989,0.0249246231523731,0.04428430840172379,0.6024799570718407,3.065305715770892,1.086305362765331
990,990,0.0248961161254424,0.04424258698061853,0.6024115362504694,3.0659692894278496,1.086596036021389
991,991,0.0248676663866584,0.044200944099232975,0.6023431920959442,3.066632294455937,1.0868863801869324
992,992,0.0248392737707682,0.044159379536001554,0.6022749244526939,3.0672947319203328,1.087176395947448
993,993,0.0248109381131788,0.04411789307019132,0.602206733165606,3.067956602883162,1.087466083986346
994,994,0.0247826592498453,0.044076484481898034,0.6021386180800249,3.0686179084035112,1.0877554449849662
995,995,0.024754437017406,0.04403515355204227,0.6020705790417503,3.0692786495374365,1.088044479622588
996,996,0.0247262712530446,0.04399390006236556,0.6020026158970347,3.0699388273379773,1.0883331885764376
997,997,0.0246981617946378,0.04395272379542659,0.6019347284925828,3.0705984428551676,1.088621572521696
998,998,0.0246701084806165,0.04391162453459731,0.6018669166755486,3.071257497136047,1.0889096321315075
999,999,0.0246421111500194,0.043870602064059176,0.6017991802935347,3.0719159912246723,1.0891973680769882
1000,1000,0.0246141696425093,0.04382965616879938,0.6017315191945898,3.0725739261621294,1.0894847810272332
